832,190,-91,838,196,-97,840,196,-97,841,196,-97,836,197,-77,836,197,-77,836,198,-77,848,193,-82,840,194,6,835,182,-83,831,183,-58,860,149,-112,830,160,104,876,100,-134,821,114,157,851,70,-182,811,87,87,845,57,-211,808,77,86,843,59,-210,806,78,55,844,64,-181,810,80,72,849,47,-68,831,53,68,827,-7,-148,817,11,74,845,-31,23,828,-21,143,854,-30,40,829,-25,149,838,-48,21,819,-27,118,
828,192,-110,835,198,-109,836,198,-109,838,198,-109,832,199,-95,832,199,-95,832,199,-95,845,193,-82,836,195,-16,831,184,-97,827,185,-79,858,150,-108,824,160,71,871,100,-124,816,114,119,844,69,-167,807,83,57,838,53,-197,805,74,52,831,58,-196,805,75,25,833,62,-167,807,77,44,848,52,-55,826,57,55,845,-10,-97,823,5,36,849,-76,23,830,-71,118,855,-83,37,833,-80,124,839,-98,-17,822,-90,66,
821,194,-158,828,200,-155,830,199,-155,832,199,-155,825,200,-142,825,200,-142,825,201,-142,840,194,-114,831,197,-56,824,185,-141,821,186,-125,853,150,-127,818,160,36,863,100,-142,810,114,82,837,69,-185,803,82,17,831,53,-216,802,72,12,828,58,-215,802,74,-16,828,62,-186,804,77,3,843,56,-55,818,61,55,841,-5,-93,821,5,40,846,-66,14,827,-63,114,851,-72,23,831,-72,120,835,-88,-30,818,-81,64,
814,197,-131,821,203,-133,823,202,-133,825,202,-133,818,203,-116,818,203,-116,819,204,-116,833,197,-108,825,199,-33,817,188,-121,814,189,-99,847,152,-132,812,160,52,860,100,-156,808,112,93,831,68,-197,800,76,25,823,52,-229,800,57,19,820,56,-227,800,57,-9,821,60,-196,801,62,11,836,55,-52,809,60,52,838,-21,-101,806,-18,31,838,-103,9,812,-98,101,841,-113,16,815,-109,105,827,-124,-54,805,-116,33,
811,199,-155,818,206,-152,820,205,-152,822,205,-153,814,206,-137,814,206,-137,813,206,-137,830,199,-113,818,202,-46,815,190,-139,810,191,-120,842,153,-127,806,161,48,854,100,-141,803,112,102,824,67,-179,793,80,32,817,52,-210,792,69,26,813,56,-209,791,65,-4,814,60,-178,792,70,18,828,54,-47,800,60,47,831,-23,-102,796,-19,21,826,-100,21,799,-93,110,829,-110,27,800,-104,116,816,-119,-35,793,-110,45,
805,201,-141,812,207,-140,814,207,-140,817,206,-140,808,207,-125,807,207,-125,807,207,-125,824,201,-107,811,203,-41,809,192,-127,804,193,-109,837,153,-115,800,161,41,847,99,-125,797,114,88,818,65,-163,787,88,12,810,52,-191,785,81,2,807,55,-192,784,81,-25,808,59,-163,786,83,0,824,55,-39,794,59,39,825,-22,-108,784,-17,-12,821,-96,9,795,-89,108,824,-106,17,796,-99,116,813,-117,-53,790,-107,46,
797,204,-133,805,209,-139,807,209,-139,809,209,-139,801,210,-118,801,210,-118,801,210,-118,818,202,-112,807,205,-35,801,195,-122,797,196,-105,829,155,-138,798,161,45,840,99,-158,792,118,98,811,63,-166,780,98,29,803,50,-194,778,91,21,798,53,-197,778,92,-7,800,56,-166,779,94,14,816,55,-44,789,59,44,807,-20,-135,775,-10,-35,819,-90,10,795,-70,126,824,-104,24,800,-73,144,816,-105,-8,790,-100,114,
791,204,-103,798,210,-111,800,210,-111,802,209,-111,795,210,-89,795,211,-89,795,211,-89,811,204,-110,802,206,-21,795,196,-104,791,197,-77,823,156,-143,795,162,51,833,99,-165,786,122,101,804,60,-170,771,101,46,798,48,-199,770,93,40,792,52,-198,771,94,11,794,55,-169,772,96,31,811,54,-46,785,59,46,798,-20,-150,768,-3,-26,813,-69,24,793,-44,147,817,-72,42,798,-45,165,815,-97,26,790,-67,151,
783,205,-65,790,212,-75,792,211,-75,794,211,-75,788,212,-50,788,212,-50,788,212,-50,803,205,-93,796,207,15,787,198,-70,784,198,-39,816,158,-138,791,163,86,824,99,-169,786,125,144,801,58,-174,763,106,86,796,46,-199,760,98,84,789,49,-199,761,100,53,790,53,-171,762,102,71,804,52,-53,779,59,53,792,-19,-171,762,-2,-17,806,-52,42,785,-38,140,810,-51,64,789,-39,156,806,-78,66,780,-57,150,
776,205,-73,782,212,-84,783,211,-84,785,211,-84,780,212,-60,780,212,-60,781,212,-60,795,206,-100,789,207,3,779,198,-78,777,198,-48,808,158,-151,787,165,84,817,99,-184,778,129,156,795,56,-195,753,111,115,791,43,-223,747,103,118,784,46,-220,747,103,87,785,50,-192,750,106,101,798,50,-62,776,59,62,788,-20,-165,762,1,35,797,-69,27,777,-54,148,802,-73,42,781,-63,159,792,-97,35,765,-72,128,
769,205,-58,774,211,-71,776,211,-71,777,211,-72,773,212,-47,773,212,-47,774,212,-47,788,206,-101,784,207,4,772,197,-68,770,198,-37,801,158,-154,783,164,86,810,99,-185,774,129,179,787,52,-195,742,119,177,783,38,-221,735,112,188,777,41,-217,734,113,159,778,46,-192,736,115,165,794,45,-66,775,54,66,778,-29,-115,766,-6,101,796,-81,38,781,-61,211,803,-85,53,786,-70,221,790,-108,41,769,-78,205,
762,205,-40,768,211,-55,769,211,-55,771,211,-55,767,211,-29,767,212,-29,768,212,-29,782,206,-97,778,207,21,765,197,-53,764,197,-19,792,158,-154,781,162,104,802,99,-198,769,127,204,779,50,-209,733,122,214,774,38,-234,723,116,228,769,39,-229,723,117,201,771,44,-205,725,119,202,790,40,-70,774,44,70,776,-40,-98,764,-24,101,792,-94,65,776,-89,199,799,-97,80,781,-98,207,787,-123,61,761,-109,179,
754,204,-52,760,211,-65,761,210,-65,763,210,-65,759,211,-41,759,211,-40,760,211,-41,773,205,-97,770,207,11,757,197,-62,756,197,-31,783,158,-158,773,160,96,789,96,-226,761,127,212,771,46,-269,723,124,261,767,34,-293,713,120,281,762,35,-290,712,120,260,764,40,-267,715,122,253,780,35,-70,768,38,70,762,-37,-95,758,-18,119,785,-77,111,778,-74,232,793,-76,133,783,-79,243,780,-98,141,767,-92,239,
748,204,-52,753,211,-66,754,210,-66,756,210,-66,752,211,-41,752,211,-41,753,211,-41,766,205,-100,763,206,10,750,196,-64,749,196,-31,776,157,-162,768,159,95,782,96,-213,752,126,201,766,43,-234,716,129,232,761,31,-258,704,127,250,757,32,-255,703,127,228,759,37,-232,707,128,223,772,33,-73,759,37,73,751,-39,-106,744,-18,115,774,-80,91,765,-74,222,783,-79,112,771,-80,232,769,-104,112,754,-94,216,
740,204,-44,745,210,-59,746,210,-59,748,210,-59,744,211,-32,745,211,-32,746,211,-32,758,205,-100,756,206,16,743,196,-58,742,196,-23,770,157,-165,762,159,103,773,96,-218,748,123,218,758,44,-248,705,132,257,754,32,-274,691,130,277,749,34,-271,689,131,254,750,38,-246,694,131,248,763,32,-77,750,36,77,742,-41,-107,733,-23,126,755,-91,107,745,-84,252,763,-92,129,750,-92,263,745,-117,123,730,-104,241,
732,205,-42,737,211,-57,738,211,-57,739,211,-57,736,212,-31,737,212,-31,738,212,-31,750,206,-100,748,207,14,735,197,-56,734,196,-23,760,158,-165,757,160,99,764,96,-223,742,122,197,745,44,-254,698,133,219,742,31,-280,682,134,237,738,33,-277,682,135,215,739,38,-252,686,135,210,750,34,-81,745,38,81,730,-31,-111,735,-10,132,749,-62,103,741,-54,248,758,-62,125,745,-60,260,740,-80,129,723,-65,244,
725,208,-51,730,214,-62,731,214,-62,732,214,-62,729,215,-37,730,215,-37,731,215,-37,743,209,-108,742,210,0,728,199,-58,727,199,-26,754,160,-164,749,163,76,753,96,-215,729,122,144,734,45,-201,688,135,130,734,28,-221,672,136,134,729,34,-224,671,137,113,730,38,-202,676,137,119,741,39,-78,737,46,78,725,75,-46,724,80,166,732,62,155,733,76,275,736,57,174,734,71,286,723,68,182,723,88,287,
719,210,-41,724,218,-54,725,218,-54,726,218,-55,724,218,-30,724,218,-30,725,218,-30,737,213,-97,736,213,13,722,202,-53,721,202,-21,752,165,-153,740,165,90,748,100,-193,721,123,180,725,46,-202,673,137,199,722,28,-223,659,139,215,719,35,-223,658,140,193,720,39,-200,663,140,190,736,43,-76,728,50,76,709,7,-113,714,23,134,721,-29,140,709,-38,227,729,-29,157,712,-47,235,710,-50,128,689,-52,217,
712,213,-38,718,221,-52,719,221,-52,720,221,-52,717,221,-26,718,221,-26,719,221,-26,731,217,-92,729,216,23,715,205,-50,715,205,-17,749,168,-151,732,167,104,747,102,-203,715,124,205,716,52,-246,664,138,229,712,38,-273,650,140,244,709,40,-271,650,141,221,711,44,-244,655,141,219,732,44,-75,720,50,75,702,-26,-120,703,-17,92,712,-89,71,701,-91,184,720,-96,87,705,-102,191,698,-111,57,681,-108,150,
706,217,-31,711,224,-45,713,224,-45,714,225,-45,711,224,-19,711,224,-19,712,224,-19,724,220,-80,723,220,32,709,209,-42,709,209,-9,746,172,-136,726,171,108,744,107,-202,706,125,195,713,63,-256,654,140,215,708,48,-283,640,141,242,705,49,-283,639,143,207,707,54,-255,644,142,205,726,47,-73,712,53,73,694,-29,-152,694,-13,69,707,-81,66,694,-80,169,715,-86,86,697,-89,178,697,-103,70,676,-99,144,
699,220,-38,705,227,-51,706,228,-51,708,228,-51,704,227,-26,705,227,-26,706,228,-26,719,224,-84,717,224,27,703,212,-48,703,212,-16,742,175,-136,718,176,104,741,111,-190,695,128,195,711,68,-246,643,142,175,707,54,-270,629,141,184,702,55,-268,627,143,155,704,60,-243,632,143,162,722,54,-70,704,61,70,693,-9,-138,679,-10,55,700,-80,59,678,-77,157,706,-85,77,682,-87,165,689,-103,48,660,-97,124,
693,224,-30,699,232,-44,700,232,-44,702,232,-44,698,232,-17,699,232,-17,700,232,-17,713,229,-77,711,228,39,698,217,-41,697,217,-7,742,180,-131,710,180,111,744,115,-180,689,131,188,709,72,-233,635,142,144,705,56,-264,620,141,145,700,59,-266,618,144,118,701,64,-234,623,144,130,722,57,-69,697,65,69,683,-2,-170,669,1,23,693,-75,56,666,-73,138,700,-80,77,670,-82,148,679,-99,55,646,-96,109,
689,229,-45,694,236,-61,695,237,-61,697,237,-61,693,236,-32,694,237,-31,695,237,-32,709,233,-102,706,233,36,693,221,-58,692,221,-18,740,183,-155,703,182,107,744,117,-206,684,133,186,707,74,-252,630,143,150,702,56,-284,615,142,155,696,59,-283,613,145,126,698,65,-251,618,145,136,718,59,-71,691,66,71,686,-12,-138,665,0,48,689,-84,59,664,-84,161,696,-91,82,668,-95,169,670,-109,36,645,-107,136,
683,234,-42,689,242,-59,690,242,-59,692,242,-59,687,242,-29,688,242,-29,689,242,-29,704,239,-100,700,238,33,688,226,-55,687,226,-17,738,188,-153,696,186,112,745,120,-205,678,137,188,708,79,-245,623,147,152,703,60,-276,609,147,157,696,65,-276,607,150,128,698,71,-244,612,150,138,717,63,-71,693,68,71,687,-20,-126,671,0,59,693,-90,63,672,-85,189,699,-96,83,676,-95,199,679,-121,38,654,-108,145,
679,239,-44,684,248,-61,686,248,-61,687,248,-61,683,247,-29,683,248,-29,684,248,-29,699,245,-101,695,244,31,683,232,-58,682,231,-18,738,192,-154,690,191,111,747,123,-204,674,141,191,712,82,-250,617,155,157,707,65,-281,602,153,162,700,70,-281,601,156,134,702,76,-249,606,157,143,718,66,-71,689,70,72,687,-23,-126,665,1,55,689,-91,69,666,-86,189,696,-98,87,671,-96,199,672,-118,40,648,-111,142,
674,245,-46,679,254,-63,680,254,-63,682,254,-63,677,254,-30,678,254,-30,679,254,-30,694,251,-103,691,250,30,679,237,-60,677,237,-18,736,198,-154,687,195,111,746,127,-203,669,145,192,715,84,-246,615,162,157,711,68,-276,601,163,163,704,73,-276,600,166,136,705,78,-245,604,166,144,716,68,-71,687,71,72,688,-26,-133,669,1,59,696,-89,79,673,-90,189,703,-94,98,678,-99,199,682,-121,47,656,-117,142,
668,251,-49,673,260,-66,675,260,-66,676,261,-66,671,260,-34,672,260,-34,673,260,-34,689,257,-108,685,256,28,673,244,-62,671,244,-20,732,204,-158,681,200,110,745,132,-193,668,149,197,717,85,-220,613,168,178,713,68,-247,598,172,185,705,72,-251,598,175,161,706,77,-220,602,174,166,715,71,-71,685,74,71,692,-26,-120,672,1,60,698,-97,81,675,-93,195,706,-105,99,680,-104,205,682,-127,47,653,-117,145,
663,257,-54,668,265,-72,670,266,-72,672,266,-73,666,265,-40,667,265,-40,667,266,-40,685,262,-115,680,262,28,669,249,-67,666,248,-25,729,209,-163,678,204,111,747,137,-194,668,152,206,718,85,-211,612,174,194,714,69,-234,596,179,202,706,73,-240,595,181,183,707,79,-210,600,181,184,715,72,-70,683,74,70,695,-30,-121,669,-1,63,701,-101,110,675,-98,208,708,-108,130,680,-109,220,686,-129,69,655,-125,153,
659,261,-61,664,270,-78,666,270,-79,668,271,-79,663,269,-47,663,270,-47,664,270,-47,681,267,-118,676,267,21,665,253,-72,663,252,-31,725,213,-161,676,208,111,747,143,-184,665,161,229,718,85,-183,615,182,263,715,69,-205,599,188,276,706,73,-210,596,193,256,707,79,-181,603,191,254,711,74,-70,684,76,70,695,-28,-109,673,-14,64,701,-105,92,678,-102,202,707,-116,105,683,-115,214,687,-131,42,654,-125,153,
656,265,-63,661,274,-80,663,274,-80,665,275,-80,660,274,-49,660,274,-49,661,274,-49,678,272,-116,674,271,21,662,257,-73,660,256,-33,721,217,-161,674,213,112,747,149,-185,663,169,233,719,88,-195,606,191,259,715,72,-219,593,194,271,707,76,-223,592,200,249,707,82,-194,597,199,249,705,77,-69,676,81,69,693,-27,-138,664,-12,62,697,-104,97,667,-96,201,701,-115,116,671,-108,212,685,-127,66,646,-118,153,
653,270,-65,658,279,-81,659,279,-81,661,280,-81,656,279,-50,657,279,-49,657,279,-50,674,276,-114,671,276,25,658,261,-74,656,261,-33,717,221,-159,670,216,120,744,153,-191,658,172,230,719,89,-198,608,192,241,715,72,-229,594,196,250,707,76,-229,595,203,235,708,82,-195,598,202,233,699,76,-64,662,81,65,688,-31,-135,645,-15,21,678,-107,99,645,-100,186,679,-116,118,648,-111,200,665,-138,50,628,-130,125,
651,277,-90,656,287,-104,657,287,-104,659,288,-104,654,286,-74,654,286,-74,654,287,-74,672,284,-124,668,283,12,657,268,-94,654,268,-55,715,228,-154,666,226,103,739,158,-185,659,177,210,718,92,-199,608,195,206,716,74,-221,595,199,209,707,76,-230,596,206,199,707,83,-199,599,205,200,695,85,-57,656,87,57,690,-22,-127,646,-13,25,681,-92,134,650,-93,201,681,-100,156,654,-102,217,671,-128,87,636,-124,136,
648,286,-100,653,295,-112,655,296,-112,657,296,-112,651,295,-82,651,295,-82,652,295,-82,671,293,-122,665,292,13,655,276,-101,652,276,-61,715,236,-140,661,236,102,733,163,-168,651,183,184,716,96,-190,592,198,133,716,77,-209,589,200,132,707,80,-224,590,208,119,706,86,-193,592,208,125,697,91,-53,650,94,53,691,-1,-138,644,-12,3,682,-87,141,652,-87,214,683,-94,166,656,-94,235,671,-126,95,640,-122,162,
645,295,-52,650,304,-70,652,305,-70,654,305,-71,648,304,-36,648,304,-36,648,304,-36,669,302,-99,662,301,54,652,284,-59,649,284,-15,715,245,-130,657,244,129,730,171,-170,652,185,131,712,104,-186,598,204,-16,713,85,-205,590,207,-29,704,87,-217,591,214,-39,702,94,-187,594,213,-26,693,97,-55,650,102,56,683,0,-142,640,-11,22,680,-92,106,652,-79,240,683,-100,126,657,-86,261,668,-132,45,637,-117,211,
643,302,-66,648,311,-85,649,311,-85,652,312,-85,645,310,-49,646,310,-49,646,310,-49,667,309,-112,659,308,43,650,292,-71,647,291,-21,717,253,-142,657,251,129,731,178,-185,654,188,163,709,112,-213,604,209,71,708,91,-237,594,215,65,698,95,-251,595,221,48,697,102,-214,598,219,60,694,102,-59,651,106,59,679,1,-170,633,6,13,676,-98,58,648,-82,208,679,-107,76,654,-91,227,663,-137,-6,632,-120,152,
642,307,-72,646,317,-91,648,317,-91,650,318,-91,644,316,-56,644,316,-56,645,316,-56,666,315,-118,657,313,39,648,297,-77,645,296,-28,718,260,-144,656,256,126,733,184,-182,651,191,195,707,117,-204,606,216,128,706,95,-226,596,223,121,696,101,-241,596,228,106,695,108,-205,600,225,117,696,111,-59,652,117,60,678,9,-175,629,17,-13,672,-88,68,648,-73,186,675,-98,87,656,-82,205,660,-130,12,632,-114,139,
642,315,-116,647,324,-132,649,325,-132,651,325,-132,644,323,-101,644,322,-101,644,321,-101,667,321,-144,656,318,-3,649,305,-115,645,304,-74,719,266,-150,653,262,93,734,190,-175,646,195,141,706,123,-195,608,223,38,706,102,-215,596,231,28,696,106,-232,597,236,13,694,113,-197,601,232,28,697,119,-57,651,125,57,681,18,-163,628,27,-9,675,-70,73,652,-57,189,676,-80,92,658,-66,206,664,-106,11,635,-96,144,
640,320,-149,645,331,-163,648,331,-163,650,332,-163,642,329,-133,642,329,-133,642,328,-133,666,328,-166,654,324,-27,647,310,-146,644,309,-105,719,273,-163,651,268,70,734,197,-178,644,200,73,706,129,-200,609,233,-93,706,108,-217,597,243,-114,696,112,-239,598,247,-125,694,119,-204,601,243,-104,698,122,-53,651,128,53,682,27,-134,626,39,0,676,-53,119,648,-19,204,679,-63,138,660,-56,222,673,-87,40,637,-82,146,
640,326,-128,645,336,-141,647,336,-141,649,337,-141,641,334,-111,641,334,-111,640,333,-111,666,334,-148,652,329,-9,647,316,-125,643,315,-86,719,280,-156,648,272,82,734,203,-169,638,202,24,707,135,-181,609,242,-207,706,114,-199,599,254,-235,697,118,-215,600,259,-239,695,125,-183,603,254,-216,698,126,-54,650,130,54,683,26,-133,630,36,25,677,-58,108,650,-41,199,681,-68,127,658,-66,214,673,-92,32,636,-89,124,
640,332,-119,645,342,-130,647,342,-130,650,343,-130,641,340,-106,641,339,-106,640,338,-106,667,340,-107,651,334,24,648,323,-105,644,321,-70,719,288,-116,646,277,119,733,212,-143,636,206,50,707,143,-171,611,247,-194,707,121,-193,606,260,-225,697,125,-208,605,265,-230,696,132,-173,607,259,-204,698,135,-53,651,139,53,684,31,-148,632,39,9,679,-60,65,650,-50,153,681,-71,80,657,-70,163,673,-95,-21,636,-92,67,
639,337,-32,643,347,-44,645,348,-44,648,349,-44,640,345,-15,639,345,-15,639,344,-15,666,347,-47,650,341,85,646,329,-30,642,327,7,719,296,-68,644,283,152,731,218,-101,632,210,60,708,150,-120,611,254,-164,707,128,-140,607,268,-195,698,131,-153,606,274,-194,696,138,-122,608,270,-172,697,141,-51,649,144,51,684,29,-162,633,41,5,675,-64,22,650,-55,150,675,-74,35,656,-71,162,668,-97,-57,635,-93,81,
637,340,-12,642,350,-25,644,351,-25,647,352,-25,639,349,3,639,349,3,639,348,3,664,350,-33,650,345,98,644,332,-11,641,331,26,719,303,-54,643,288,156,730,223,-87,631,215,62,706,152,-106,611,256,-150,705,130,-127,607,268,-180,696,132,-138,607,273,-181,695,139,-107,608,270,-158,697,146,-44,649,149,45,685,31,-158,634,42,-5,675,-75,19,649,-57,144,676,-88,31,654,-73,157,671,-110,-61,632,-95,78,
638,344,-14,643,354,-25,645,355,-25,648,355,-25,640,352,1,640,352,1,639,351,1,665,354,-27,650,348,93,645,336,-12,642,335,22,719,308,-47,642,288,149,731,227,-82,630,216,49,707,157,-105,609,257,-163,706,134,-125,607,268,-194,696,136,-135,607,275,-194,695,143,-106,607,270,-171,698,150,-44,650,154,44,685,31,-157,635,49,-2,677,-72,16,651,-54,149,677,-85,28,656,-67,162,673,-109,-68,633,-94,83,
639,344,-24,643,354,-38,646,355,-38,648,356,-38,641,353,-9,640,353,-9,640,352,-9,666,355,-52,651,349,79,646,335,-26,643,334,11,719,309,-76,644,288,140,731,228,-107,629,218,71,707,156,-119,611,252,-105,706,133,-136,611,266,-127,696,138,-147,610,271,-133,695,144,-120,610,268,-114,698,147,-45,650,153,45,684,29,-149,639,44,9,677,-72,17,653,-56,149,678,-85,27,660,-69,160,673,-110,-68,633,-94,79,
639,343,-58,644,353,-69,646,354,-70,649,355,-70,641,352,-44,641,352,-44,641,352,-44,666,354,-67,652,349,50,647,334,-52,643,333,-18,719,307,-86,646,286,120,736,229,-109,632,216,79,712,156,-106,612,251,-94,709,133,-118,611,262,-115,699,135,-131,610,268,-111,698,142,-107,610,265,-98,697,144,-45,651,149,45,683,30,-122,645,43,30,683,-63,45,661,-49,155,686,-75,54,670,-62,168,673,-102,-36,637,-86,85,
640,342,-86,644,352,-98,646,353,-98,649,355,-98,641,351,-73,641,351,-73,641,350,-73,667,353,-93,652,348,20,648,334,-79,644,333,-46,721,305,-90,646,284,93,744,228,-109,633,214,16,717,154,-114,613,252,-191,716,132,-129,611,266,-218,707,134,-142,610,271,-219,706,141,-116,610,267,-198,698,143,-47,653,149,47,684,29,-128,653,42,38,689,-67,36,666,-49,168,691,-80,46,674,-65,178,678,-105,-47,642,-88,91,
641,340,-80,645,351,-91,648,352,-91,651,353,-91,642,349,-65,642,349,-65,642,349,-65,668,352,-90,653,346,29,649,333,-74,646,332,-40,723,303,-89,647,282,102,748,226,-106,634,213,31,724,152,-114,615,255,-182,727,130,-131,613,271,-210,720,132,-143,610,275,-210,716,138,-116,611,269,-189,702,141,-49,659,146,49,688,31,-131,665,41,34,693,-68,38,679,-51,177,695,-81,47,685,-66,189,681,-106,-39,657,-89,104,
643,340,-112,647,350,-122,650,351,-122,653,352,-122,643,348,-97,643,348,-97,643,348,-97,671,351,-108,656,345,5,652,333,-102,649,331,-69,726,304,-99,649,281,95,751,226,-107,637,212,47,732,153,-113,617,260,-140,735,131,-127,614,275,-165,728,132,-144,612,279,-167,725,139,-117,613,273,-148,708,141,-52,666,144,52,693,35,-107,671,41,64,695,-61,83,679,-42,237,698,-72,97,685,-55,252,681,-101,0,658,-77,175,
645,344,-104,648,354,-114,651,355,-114,654,356,-114,644,352,-88,644,352,-88,644,351,-89,673,356,-103,657,349,14,654,337,-95,651,335,-61,732,308,-98,650,285,96,755,230,-109,637,212,37,741,156,-118,617,264,-169,745,133,-130,614,279,-197,737,134,-151,612,284,-198,734,141,-124,613,279,-177,715,143,-53,672,145,53,698,40,-133,677,43,49,697,-55,73,688,-37,234,699,-65,86,694,-49,251,683,-95,-3,672,-74,177,
649,351,-98,652,362,-107,655,363,-107,658,365,-107,647,360,-81,647,359,-82,646,359,-82,678,365,-100,659,356,20,659,344,-90,655,342,-56,742,314,-86,652,291,80,758,235,-97,637,217,-24,745,162,-117,618,277,-262,750,141,-131,615,291,-295,742,142,-147,613,295,-297,737,148,-121,615,291,-270,718,148,-47,673,150,47,708,37,-157,677,43,-4,698,-48,82,682,-40,167,698,-57,101,688,-52,184,691,-85,25,665,-77,110,
653,360,-73,656,372,-80,659,373,-81,663,374,-81,651,369,-55,650,368,-55,650,367,-55,682,374,-70,662,365,48,663,353,-65,659,350,-31,753,323,-66,652,299,82,765,246,-83,637,226,-8,753,175,-107,619,284,-246,757,154,-121,617,298,-280,747,154,-138,614,302,-280,743,161,-110,618,299,-254,725,156,-44,678,158,44,707,42,-167,675,44,-15,698,-42,87,683,-40,150,698,-50,108,689,-51,166,694,-81,32,667,-79,91,
660,369,-49,663,381,-56,666,382,-56,670,384,-57,657,377,-31,656,376,-31,655,375,-31,689,384,-45,667,373,74,670,363,-41,665,360,-6,762,331,-33,657,311,107,774,253,-46,639,235,9,760,186,-78,624,297,-220,763,165,-93,621,313,-256,756,166,-109,619,319,-256,752,174,-81,622,314,-228,733,166,-38,682,170,38,713,43,-170,680,45,-33,701,-42,99,687,-41,146,699,-49,123,693,-52,163,700,-81,43,675,-80,82,
666,377,-126,669,389,-132,673,391,-132,677,392,-132,664,385,-109,663,385,-109,662,384,-109,696,392,-97,673,381,10,677,370,-108,671,367,-76,769,334,-41,663,318,47,785,257,-17,639,248,-56,767,196,-54,629,315,-321,770,175,-70,625,328,-368,762,178,-90,622,332,-367,759,184,-59,626,327,-329,741,167,4,687,173,-4,732,48,-131,699,45,-75,701,-3,280,698,-17,194,692,0,319,706,-40,224,698,-48,256,705,-81,131,
672,384,-180,676,396,-183,679,398,-183,683,400,-183,670,392,-161,669,391,-161,668,390,-161,702,400,-136,678,388,-34,684,377,-158,678,374,-128,774,337,-52,668,326,19,794,264,-33,644,257,-78,774,202,-64,635,322,-356,774,183,-81,629,337,-406,766,186,-102,626,342,-408,764,192,-69,630,337,-365,747,172,3,690,177,-3,743,60,-127,698,54,-67,700,19,280,704,-5,208,687,24,318,721,-29,236,696,-29,247,722,-74,136,
680,391,-220,684,404,-218,688,406,-218,692,407,-218,677,400,-199,676,398,-199,675,397,-199,711,407,-153,684,395,-62,692,384,-192,684,381,-166,778,341,-68,673,334,3,799,270,-34,646,267,-90,780,211,-65,637,332,-370,780,191,-80,632,348,-419,773,195,-104,630,352,-422,771,202,-71,634,346,-381,751,178,3,692,183,-3,752,65,-88,699,63,-66,709,33,321,707,2,189,696,38,359,713,3,217,705,-12,289,729,-63,96,
685,396,-212,689,409,-211,693,410,-211,698,412,-211,682,405,-193,681,404,-193,679,403,-193,717,411,-150,688,400,-66,697,389,-187,689,386,-163,777,346,-78,674,339,-7,804,280,-38,646,278,-92,786,220,-58,641,338,-331,785,201,-67,636,354,-372,777,204,-91,634,359,-371,776,210,-63,639,353,-338,756,186,-1,694,188,1,757,71,-32,703,76,-49,737,27,347,710,20,215,728,30,383,714,18,241,743,-17,314,721,-35,145,
690,402,-237,694,414,-233,699,416,-233,703,417,-233,687,410,-218,685,409,-218,683,408,-218,722,416,-160,691,404,-93,703,395,-209,693,392,-189,778,351,-87,675,346,-29,805,286,-34,648,288,-136,787,226,-40,643,345,-383,786,207,-47,641,361,-428,779,211,-69,639,366,-424,777,217,-46,644,361,-390,757,195,-5,693,195,5,765,98,25,701,97,-8,752,29,299,713,25,186,744,24,320,715,19,198,761,-18,218,710,-27,77,
693,407,-262,698,419,-256,702,420,-256,707,421,-256,690,416,-242,688,414,-242,687,413,-242,725,420,-175,694,409,-110,705,399,-230,696,396,-211,777,354,-96,679,353,-44,801,288,-40,651,292,-165,786,232,-56,649,350,-439,787,213,-66,644,367,-489,780,217,-88,642,371,-491,778,223,-61,647,366,-448,758,202,-7,694,203,7,768,104,-8,700,101,-7,763,21,260,708,22,165,757,14,255,712,14,176,771,-27,116,696,-10,50,
696,412,-232,701,423,-231,705,425,-231,709,426,-231,693,420,-215,692,419,-215,690,418,-215,728,423,-169,698,413,-94,707,403,-206,699,401,-185,780,356,-106,682,356,-27,800,289,-59,654,296,-140,783,233,-82,651,354,-409,783,215,-94,647,370,-460,776,218,-120,645,375,-460,775,224,-89,650,370,-418,756,202,-10,692,205,10,767,93,-43,696,97,67,771,14,128,705,27,304,768,9,136,710,19,324,769,-31,0,693,-3,228,
699,416,-230,704,427,-229,708,428,-229,712,428,-229,696,424,-214,695,422,-214,693,421,-214,731,425,-171,701,416,-100,711,406,-206,701,404,-185,782,356,-110,684,357,-36,797,289,-67,654,297,-136,782,234,-92,652,357,-393,781,214,-104,648,371,-440,774,218,-128,649,377,-441,773,224,-99,652,372,-402,754,207,-11,691,209,11,766,102,-46,694,104,62,780,18,115,706,31,272,779,12,123,711,24,290,782,-33,-4,694,1,194,
701,418,-233,707,429,-233,712,431,-233,717,432,-233,698,426,-218,696,424,-218,694,423,-218,734,428,-180,702,418,-107,714,409,-211,703,406,-190,784,357,-124,686,357,-45,796,288,-92,654,297,-154,780,231,-121,651,352,-421,780,211,-133,648,367,-468,773,214,-153,649,373,-467,771,221,-127,652,368,-429,753,207,-17,691,210,17,764,99,-50,688,112,80,786,14,93,703,47,325,786,9,100,711,36,348,783,-35,-26,693,11,272,
701,417,-227,706,428,-231,710,429,-231,715,430,-231,699,424,-213,697,423,-213,695,422,-213,734,427,-191,704,417,-105,712,408,-209,703,405,-184,785,356,-136,688,357,-39,795,285,-104,656,292,-137,778,228,-120,651,349,-394,779,208,-131,647,365,-439,772,212,-152,648,371,-439,770,219,-126,651,366,-403,752,206,-20,692,210,20,765,98,-54,688,111,90,782,16,94,701,45,322,781,11,103,708,33,343,781,-36,-14,692,11,266,
701,415,-188,706,426,-194,710,427,-194,714,429,-194,699,423,-174,697,421,-174,696,420,-174,733,426,-164,704,416,-68,712,407,-172,704,404,-145,784,356,-135,689,357,1,794,284,-92,657,291,-95,778,225,-112,650,348,-354,778,206,-127,646,363,-397,771,209,-146,646,368,-400,769,216,-118,649,363,-363,753,207,-27,692,210,27,765,95,-77,687,108,90,781,15,64,701,36,308,778,10,72,707,26,327,778,-37,-49,692,7,244,
700,415,-223,705,426,-226,709,427,-226,713,428,-226,698,422,-207,696,421,-207,695,420,-207,732,425,-177,703,415,-86,711,407,-200,703,404,-174,785,356,-128,689,357,-2,794,283,-96,660,289,-108,777,225,-114,650,346,-389,778,204,-129,646,361,-435,770,208,-150,646,366,-439,769,214,-120,649,361,-400,754,207,-30,693,208,30,764,95,-86,688,103,71,781,14,85,702,32,309,780,9,95,707,22,330,784,-38,-30,699,2,238,
699,418,-219,704,429,-221,708,430,-221,712,431,-221,697,426,-204,695,424,-204,694,423,-204,731,426,-172,702,418,-76,709,410,-197,701,408,-171,784,359,-122,688,359,17,794,285,-91,660,293,-34,776,223,-110,647,345,-240,774,204,-125,642,360,-275,768,207,-144,643,365,-281,766,214,-115,646,360,-251,755,208,-38,693,208,38,763,97,-109,687,102,42,778,15,107,703,31,300,779,10,121,707,21,325,779,-38,1,698,-20,214,
698,422,-216,704,432,-217,707,433,-217,711,434,-217,696,429,-200,694,428,-200,693,427,-200,730,430,-165,702,421,-76,709,414,-193,700,411,-168,783,363,-119,687,359,12,793,289,-88,660,296,-66,772,223,-107,646,347,-331,770,204,-122,641,361,-375,762,208,-141,641,366,-379,761,214,-112,645,360,-343,753,211,-34,693,210,35,761,103,-87,686,101,43,775,25,147,704,34,299,777,15,163,708,28,323,780,-13,42,701,-9,230,
698,425,-227,703,435,-226,707,436,-226,711,436,-226,696,431,-208,694,430,-208,693,429,-208,727,432,-168,699,422,-81,708,416,-203,700,413,-178,781,368,-119,684,360,-7,792,293,-109,659,305,-97,768,227,-152,646,350,-362,766,208,-167,641,364,-411,758,211,-193,641,370,-413,756,218,-159,645,363,-373,747,213,-27,689,216,27,757,108,-44,673,112,20,772,33,247,703,60,348,774,25,270,709,57,380,777,5,152,701,8,301,
689,424,-191,696,434,-187,699,435,-187,703,436,-187,689,431,-169,687,429,-169,686,428,-169,716,432,-133,695,422,-43,699,415,-168,691,412,-142,776,373,-112,679,361,28,792,299,-122,664,295,53,762,233,-195,655,241,-84,762,212,-227,651,226,-121,752,217,-246,648,223,-149,750,224,-202,656,238,-102,741,215,-34,684,218,34,752,110,-51,652,120,-88,760,41,237,701,66,211,762,33,261,710,61,240,776,12,156,683,15,181,
