466,216,-811,468,257,-760,476,257,-760,483,258,-760,437,255,-788,420,254,-787,402,253,-788,472,249,-402,359,236,-513,475,184,-672,442,179,-704,556,87,-153,262,76,-380,639,-100,-75,229,-157,-531,671,-267,-378,235,-229,-1094,698,-322,-463,223,-266,-1232,677,-320,-533,240,-241,-1299,655,-303,-423,252,-228,-1140,525,-316,-13,319,-326,17,521,-645,101,333,-658,66,520,-943,617,337,-952,466,522,-988,638,335,-998,492,500,-1037,189,364,-1044,-15,
455,215,-898,463,255,-852,473,256,-852,482,257,-853,429,254,-873,413,253,-873,396,252,-873,474,248,-515,357,236,-597,467,182,-766,429,178,-789,560,80,-239,257,62,-429,639,-105,-92,198,-161,-391,650,-277,-342,203,-320,-700,668,-335,-406,185,-377,-796,644,-336,-468,214,-373,-869,628,-316,-381,228,-349,-739,527,-326,-18,319,-335,21,522,-652,12,333,-667,71,522,-948,504,338,-956,443,524,-996,525,335,-1003,464,501,-1040,74,370,-1049,-28,
441,215,-894,453,255,-848,464,256,-848,474,257,-848,416,254,-865,400,253,-864,386,252,-864,474,247,-514,354,236,-575,457,181,-764,417,177,-781,563,77,-261,253,61,-425,638,-108,-128,183,-155,-306,626,-282,-347,191,-317,-605,641,-342,-417,171,-375,-700,612,-343,-475,204,-371,-774,600,-320,-386,218,-347,-645,527,-326,-31,317,-335,35,521,-652,12,330,-667,114,521,-947,526,337,-951,514,524,-996,549,335,-998,540,499,-1038,85,370,-1044,44,
434,215,-878,447,255,-830,459,256,-830,470,257,-830,407,254,-849,390,253,-848,375,252,-848,474,247,-488,349,236,-550,451,181,-745,408,177,-765,564,74,-234,248,61,-383,637,-116,-119,176,-155,-319,623,-287,-351,181,-324,-690,638,-349,-424,159,-385,-800,609,-349,-484,194,-382,-870,597,-325,-391,209,-357,-732,526,-332,-36,311,-338,39,518,-660,7,325,-671,125,519,-952,523,334,-956,523,523,-1002,545,331,-1004,548,494,-1044,67,370,-1051,40,
431,214,-878,444,255,-832,456,255,-832,468,256,-832,403,254,-846,387,253,-846,372,252,-846,474,246,-495,347,236,-549,448,179,-748,404,176,-762,564,74,-248,246,59,-379,637,-116,-153,172,-155,-336,624,-287,-392,178,-329,-711,639,-348,-469,157,-389,-821,610,-347,-516,193,-384,-892,598,-324,-427,207,-360,-753,526,-334,-42,309,-340,46,517,-666,48,323,-675,162,518,-955,631,333,-957,614,522,-1004,659,330,-1004,647,492,-1048,185,370,-1054,138,
430,214,-879,443,255,-834,455,255,-834,466,255,-834,402,254,-846,386,253,-846,371,252,-846,474,245,-497,346,236,-549,446,178,-749,403,175,-761,564,73,-255,246,58,-376,637,-115,-164,171,-155,-338,623,-286,-406,177,-328,-712,638,-347,-485,156,-388,-821,610,-346,-529,192,-382,-892,597,-324,-440,207,-359,-754,526,-335,-46,308,-341,49,516,-668,70,322,-677,180,518,-956,656,333,-958,651,522,-1005,684,329,-1005,686,491,-1049,212,370,-1056,177,
429,213,-902,443,254,-857,455,255,-857,466,255,-858,401,253,-868,384,253,-867,369,252,-867,474,244,-521,345,236,-556,445,177,-771,401,174,-780,564,74,-270,244,58,-376,639,-115,-183,173,-156,-319,626,-286,-442,182,-329,-667,641,-347,-524,162,-390,-770,612,-346,-573,195,-382,-844,599,-323,-478,210,-358,-708,527,-335,-49,308,-342,52,519,-667,22,323,-676,171,522,-956,558,336,-958,603,528,-1005,581,332,-1005,633,495,-1049,99,376,-1056,128,
428,211,-896,442,252,-852,454,252,-852,465,252,-853,401,252,-864,384,251,-863,368,250,-864,474,243,-515,344,235,-553,444,175,-764,400,172,-775,564,74,-256,244,58,-371,636,-114,-129,170,-152,-281,622,-285,-315,175,-322,-586,637,-347,-377,154,-381,-682,610,-346,-431,188,-374,-757,597,-323,-350,202,-351,-628,525,-332,-48,307,-338,52,517,-664,0,322,-672,160,520,-954,524,334,-955,567,526,-1002,546,331,-1000,593,492,-1046,68,374,-1051,80,
428,210,-895,442,251,-852,454,251,-852,464,251,-852,401,250,-864,384,250,-863,368,249,-864,474,242,-515,343,235,-553,444,174,-763,400,171,-774,563,74,-251,243,58,-370,635,-114,-115,169,-151,-282,621,-285,-305,172,-321,-593,636,-346,-369,151,-379,-690,610,-345,-424,185,-373,-765,597,-323,-341,199,-350,-635,524,-331,-48,307,-336,51,516,-663,-5,320,-671,151,518,-953,515,331,-954,556,523,-1002,538,328,-1000,580,490,-1045,61,371,-1050,65,
427,210,-893,441,251,-848,453,251,-848,463,251,-848,399,250,-863,382,250,-862,366,249,-863,474,241,-510,342,235,-545,443,174,-759,398,171,-773,563,74,-262,242,58,-365,636,-114,-210,171,-152,-311,622,-285,-514,173,-324,-670,637,-346,-606,152,-383,-775,612,-345,-655,185,-377,-847,599,-322,-552,200,-354,-712,524,-331,-48,307,-337,51,516,-663,2,320,-672,154,518,-953,521,331,-955,566,524,-1002,546,328,-1002,593,490,-1046,67,371,-1052,86,
426,210,-890,440,251,-844,452,251,-844,463,251,-844,399,250,-861,382,250,-860,366,249,-860,474,241,-509,341,235,-542,442,174,-756,397,171,-772,563,74,-268,242,58,-362,638,-113,-226,172,-152,-320,622,-285,-533,174,-325,-691,637,-346,-626,152,-384,-798,614,-344,-675,186,-377,-873,600,-322,-571,201,-355,-734,524,-331,-48,307,-337,52,516,-663,8,320,-672,158,518,-954,523,331,-956,576,524,-1002,551,328,-1003,604,490,-1046,70,371,-1053,98,
426,210,-888,440,252,-843,452,252,-843,463,252,-843,398,251,-858,381,251,-858,365,250,-858,474,242,-514,341,235,-550,443,174,-757,397,171,-771,564,74,-269,242,59,-374,638,-116,-158,173,-154,-312,624,-290,-320,177,-326,-638,639,-348,-384,156,-385,-735,613,-348,-434,190,-379,-808,600,-325,-354,205,-356,-679,524,-331,-48,307,-336,52,516,-663,28,320,-671,184,518,-953,585,330,-955,652,523,-1001,613,327,-1001,686,490,-1045,144,369,-1051,186,
426,210,-911,440,252,-868,452,252,-868,463,252,-868,398,251,-879,381,251,-879,365,250,-879,474,242,-538,341,235,-567,443,174,-781,397,171,-791,564,74,-289,242,59,-377,639,-115,-170,173,-154,-285,625,-289,-346,176,-325,-587,640,-348,-412,156,-384,-681,614,-347,-452,188,-377,-763,600,-325,-376,203,-353,-631,525,-331,-49,308,-337,53,518,-662,-1,322,-671,173,520,-953,525,332,-955,625,525,-1001,548,330,-1001,656,491,-1045,65,371,-1051,158,
426,210,-920,440,252,-878,452,252,-878,462,252,-878,398,251,-889,381,251,-888,365,250,-888,474,242,-548,341,235,-575,443,174,-791,398,171,-799,564,74,-295,242,59,-380,640,-115,-176,173,-154,-282,625,-289,-368,176,-325,-585,641,-348,-438,156,-383,-679,615,-347,-477,188,-376,-762,601,-324,-398,203,-353,-630,526,-331,-50,309,-337,54,519,-662,-8,323,-671,168,521,-953,512,334,-955,615,526,-1001,534,332,-1001,646,492,-1045,51,372,-1051,149,
425,215,-890,438,255,-846,450,255,-846,462,254,-846,397,256,-852,380,256,-851,364,255,-852,474,242,-521,341,239,-532,442,178,-765,395,176,-768,564,74,-290,242,61,-354,640,-117,-164,172,-154,-254,623,-289,-358,177,-326,-575,639,-349,-432,156,-387,-672,609,-348,-476,188,-382,-751,597,-325,-391,203,-357,-619,523,-331,-52,304,-337,55,515,-663,-2,317,-672,205,513,-953,545,323,-955,694,518,-1002,571,320,-1002,730,483,-1046,79,361,-1052,219,
423,220,-882,437,259,-837,449,258,-837,461,257,-838,396,260,-843,380,260,-842,364,260,-843,474,245,-510,341,243,-518,441,183,-756,394,182,-758,564,74,-284,241,62,-346,641,-121,-250,173,-158,-270,622,-294,-570,179,-332,-646,637,-357,-671,159,-394,-759,604,-354,-714,192,-388,-838,592,-330,-605,207,-363,-692,520,-333,-52,301,-340,56,514,-666,74,317,-677,246,513,-957,665,324,-962,782,518,-1005,696,321,-1010,824,484,-1052,218,362,-1059,314,
422,222,-876,436,261,-831,448,260,-831,460,259,-831,395,263,-836,379,263,-836,364,262,-836,473,246,-502,340,245,-508,440,185,-749,393,185,-751,563,74,-282,240,63,-338,641,-123,-237,173,-159,-275,620,-297,-540,180,-334,-648,634,-361,-637,160,-396,-759,599,-358,-681,195,-390,-838,588,-333,-575,209,-365,-694,518,-335,-52,299,-342,56,513,-669,78,316,-680,250,513,-959,665,324,-966,780,517,-1009,695,321,-1015,821,483,-1055,216,362,-1063,311,
422,227,-840,436,265,-794,448,264,-794,459,262,-794,396,266,-799,379,265,-798,364,264,-798,473,248,-466,340,246,-469,440,189,-717,393,189,-717,563,73,-259,239,64,-298,641,-124,-224,173,-160,-204,620,-298,-516,180,-333,-538,635,-362,-596,160,-394,-635,601,-359,-653,195,-388,-713,589,-334,-557,209,-364,-581,517,-335,-57,298,-342,61,513,-670,68,316,-680,282,512,-959,646,324,-966,849,517,-1009,674,321,-1015,893,483,-1055,194,362,-1063,379,
422,229,-838,436,267,-790,448,265,-790,459,264,-790,396,268,-796,379,267,-795,364,265,-796,472,249,-462,340,247,-468,440,191,-714,393,191,-716,563,72,-252,239,65,-295,641,-124,-188,173,-160,-190,620,-298,-439,180,-333,-505,635,-361,-524,161,-393,-598,600,-359,-568,195,-387,-675,589,-335,-473,209,-363,-547,517,-335,-60,298,-342,64,512,-669,64,317,-680,294,512,-959,635,324,-966,871,517,-1008,663,321,-1014,917,483,-1055,182,362,-1062,401,
422,234,-826,436,271,-774,448,269,-774,459,267,-774,396,273,-781,380,271,-780,364,270,-780,472,251,-435,340,250,-446,440,195,-700,393,195,-703,563,72,-229,239,67,-298,642,-124,-214,173,-157,-228,628,-298,-564,180,-331,-650,645,-361,-664,160,-392,-763,609,-359,-709,195,-386,-838,596,-334,-601,209,-362,-694,517,-335,-60,298,-342,63,512,-669,65,316,-680,296,512,-959,634,324,-966,859,517,-1008,661,320,-1014,903,483,-1055,178,362,-1062,389,
422,239,-805,436,275,-752,447,273,-752,459,270,-752,396,277,-760,380,277,-760,365,275,-760,471,253,-420,341,254,-438,440,200,-681,393,200,-687,563,72,-211,240,67,-307,642,-124,-185,173,-157,-292,629,-298,-526,183,-330,-699,646,-362,-617,163,-391,-811,610,-361,-663,198,-387,-879,597,-336,-561,212,-363,-740,518,-336,-55,299,-343,58,515,-670,89,320,-681,276,518,-960,669,331,-968,822,523,-1010,699,327,-1018,864,492,-1055,230,371,-1064,359,
422,241,-802,435,276,-749,447,274,-749,459,272,-749,396,280,-758,380,279,-757,366,278,-757,471,254,-417,342,256,-437,440,202,-678,393,202,-684,563,72,-207,240,67,-312,642,-125,-179,173,-157,-311,629,-298,-510,185,-330,-711,647,-362,-599,165,-391,-822,611,-362,-646,201,-387,-890,598,-337,-545,214,-363,-751,519,-336,-52,300,-344,55,517,-671,100,323,-682,273,522,-961,687,335,-970,826,527,-1011,717,331,-1020,869,497,-1056,250,377,-1066,365,
423,243,-807,436,277,-755,448,274,-755,459,272,-756,398,280,-764,383,280,-764,368,279,-764,471,254,-423,344,258,-444,440,203,-682,394,203,-688,563,72,-211,241,67,-312,641,-125,-182,174,-157,-321,628,-298,-506,186,-330,-718,646,-362,-594,165,-391,-830,610,-362,-641,201,-388,-897,597,-337,-541,215,-364,-758,518,-337,-51,299,-345,54,515,-673,128,322,-683,309,520,-962,729,334,-971,904,524,-1012,763,329,-1021,952,495,-1058,297,376,-1068,449,
425,244,-807,438,278,-754,450,275,-754,461,273,-754,402,281,-763,386,280,-762,371,279,-763,472,254,-421,346,258,-443,441,204,-683,397,204,-690,563,71,-214,243,67,-314,641,-127,-158,174,-159,-320,627,-300,-411,187,-331,-707,646,-363,-492,165,-391,-818,610,-363,-537,202,-390,-887,597,-337,-444,215,-365,-748,523,-336,-51,299,-345,54,515,-673,113,321,-683,305,519,-963,704,333,-971,894,523,-1013,735,328,-1022,941,493,-1059,265,374,-1068,438,
426,245,-808,440,278,-754,451,276,-754,462,273,-754,404,281,-763,388,281,-762,373,279,-763,472,255,-421,347,258,-443,442,205,-684,399,205,-691,563,71,-216,244,67,-316,641,-128,-152,175,-159,-318,627,-300,-399,187,-332,-701,646,-363,-480,166,-392,-810,610,-363,-524,202,-390,-881,597,-338,-432,215,-366,-741,522,-337,-51,300,-345,54,515,-674,108,321,-683,308,518,-963,699,332,-972,902,522,-1014,729,327,-1022,949,492,-1059,257,373,-1068,445,
430,245,-791,443,278,-740,454,276,-740,465,273,-740,408,281,-751,392,281,-751,377,279,-751,474,255,-419,348,258,-447,445,205,-672,403,205,-683,563,73,-215,247,76,-328,641,-127,-175,183,-157,-421,645,-296,-499,190,-298,-935,668,-357,-598,171,-352,-1066,634,-357,-654,205,-341,-1132,617,-333,-540,218,-321,-978,517,-332,-40,300,-336,43,511,-665,66,321,-673,122,513,-959,583,330,-963,533,516,-1008,607,325,-1012,560,488,-1053,161,365,-1057,69,
431,245,-783,445,278,-733,456,276,-733,466,273,-733,410,281,-744,394,281,-744,378,279,-744,475,255,-417,349,259,-450,446,205,-666,404,206,-677,563,74,-215,249,80,-335,641,-127,-191,186,-155,-428,650,-294,-530,191,-295,-928,673,-354,-630,172,-350,-1057,640,-354,-687,205,-340,-1123,623,-331,-571,219,-319,-971,513,-330,-35,300,-333,38,508,-661,47,319,-669,105,509,-957,555,328,-960,510,512,-1006,578,323,-1009,536,485,-1050,135,360,-1053,49,
434,245,-786,449,278,-732,460,276,-732,471,273,-732,414,281,-743,399,281,-743,383,279,-743,479,255,-380,352,259,-412,448,205,-657,407,205,-668,561,76,-188,252,89,-327,638,-127,-190,187,-129,-786,648,-293,-399,283,70,-1466,671,-352,-461,316,129,-1608,640,-344,-483,302,153,-1572,622,-325,-421,303,131,-1470,513,-330,-40,300,-332,43,509,-662,52,327,-669,139,509,-957,582,334,-959,624,512,-1004,608,330,-1003,649,485,-1050,137,360,-1053,121,
436,241,-774,452,274,-719,463,271,-719,474,269,-720,419,280,-730,406,280,-730,391,279,-730,479,252,-358,357,260,-391,449,203,-639,409,205,-650,557,76,-167,252,91,-297,644,-125,-190,166,-129,-763,638,-283,-415,259,49,-1504,647,-343,-469,282,104,-1654,614,-326,-528,294,141,-1622,601,-308,-439,292,113,-1509,512,-329,-41,299,-332,44,511,-662,-13,333,-670,171,512,-957,464,342,-961,640,516,-1004,482,337,-1003,676,488,-1052,24,360,-1056,176,
437,239,-777,453,271,-725,464,269,-725,475,266,-725,421,279,-735,408,280,-734,394,279,-734,479,251,-366,360,261,-395,449,202,-642,409,205,-652,553,77,-173,253,94,-284,653,-121,-260,163,-121,-746,616,-239,-591,251,47,-1491,609,-291,-675,274,99,-1637,578,-262,-679,291,131,-1606,571,-247,-605,287,110,-1496,511,-327,-46,299,-330,49,513,-660,-80,336,-669,170,515,-957,346,345,-961,581,519,-1003,360,340,-1004,612,489,-1052,-100,360,-1056,123,
446,236,-826,461,267,-762,471,264,-762,481,262,-762,429,275,-779,417,278,-779,403,278,-779,480,249,-375,363,261,-414,453,200,-676,416,203,-696,552,78,-166,254,96,-316,653,-117,-170,101,-92,-836,649,-247,-371,248,73,-1487,669,-302,-438,286,141,-1636,635,-281,-464,298,167,-1581,616,-255,-395,291,139,-1482,509,-326,-45,292,-330,48,511,-661,-34,330,-671,197,513,-958,438,340,-965,667,516,-1003,454,335,-1006,709,488,-1055,-22,359,-1063,190,
447,234,-870,462,265,-808,473,263,-808,483,260,-808,430,274,-822,418,277,-821,403,278,-821,482,248,-405,363,261,-450,454,199,-721,416,202,-736,552,79,-169,254,100,-333,652,-117,-172,90,-85,-836,656,-257,-378,249,80,-1490,679,-312,-449,292,145,-1641,644,-291,-476,304,169,-1582,624,-274,-403,297,144,-1484,509,-325,-47,289,-329,50,509,-662,-45,326,-673,218,508,-961,424,335,-967,701,511,-1005,440,329,-1008,743,482,-1058,-52,355,-1067,218,
433,231,-701,441,263,-657,450,262,-657,470,260,-658,411,262,-662,413,269,-661,402,269,-662,459,248,-349,370,256,-352,443,186,-588,406,188,-590,552,79,-178,268,89,-313,648,-129,-151,58,6,-920,672,-283,-188,266,172,-1484,704,-331,-220,320,242,-1618,677,-330,-241,334,261,-1520,654,-319,-204,323,231,-1465,509,-337,-65,290,-342,68,509,-679,69,326,-685,403,508,-978,706,335,-985,1085,511,-1021,743,329,-1026,1149,482,-1074,279,355,-1090,649,
464,235,-664,461,267,-601,468,266,-601,480,264,-601,433,268,-621,426,271,-621,415,270,-621,461,250,-263,382,256,-342,467,194,-545,428,193,-569,554,77,-106,275,88,-357,656,-131,-45,59,71,-991,701,-282,-58,302,237,-1442,733,-329,-80,348,286,-1562,707,-327,-99,380,292,-1467,685,-317,-75,368,273,-1420,514,-341,-43,298,-345,45,515,-684,74,332,-689,228,509,-986,632,337,-990,746,511,-1028,660,330,-1031,791,492,-1084,211,363,-1094,300,
466,235,-679,466,268,-617,473,267,-617,483,265,-617,437,269,-629,427,272,-629,416,271,-629,462,250,-278,385,256,-320,470,195,-560,430,193,-574,555,75,-118,278,88,-352,663,-136,-68,62,76,-927,707,-287,-73,314,247,-1364,737,-335,-96,370,302,-1486,710,-334,-110,389,296,-1395,689,-323,-87,376,276,-1354,518,-345,-39,303,-347,41,518,-688,65,335,-692,201,509,-991,607,338,-994,693,511,-1033,633,330,-1035,737,493,-1091,180,365,-1098,255,
473,226,-680,475,258,-611,482,257,-611,489,256,-611,448,260,-634,437,261,-634,425,261,-634,469,246,-240,394,249,-334,477,193,-549,441,189,-577,555,71,-79,282,92,-348,668,-126,-24,61,115,-925,709,-285,-17,323,253,-1336,736,-334,-26,376,291,-1468,714,-333,-48,392,285,-1329,694,-321,-33,378,262,-1332,519,-349,-37,310,-352,39,518,-690,26,339,-695,62,507,-997,482,338,-998,384,509,-1039,500,330,-1041,408,493,-1097,79,364,-1101,-68,
475,223,-655,480,255,-586,487,254,-586,493,253,-586,453,258,-610,442,259,-610,431,259,-611,476,244,-217,400,247,-318,479,192,-525,445,188,-556,555,68,-66,282,97,-339,668,-121,-26,60,117,-909,709,-279,-28,324,252,-1321,735,-329,-39,375,291,-1418,714,-328,-59,390,284,-1292,694,-315,-44,375,260,-1286,518,-349,-37,311,-352,38,518,-689,-24,340,-694,23,505,-997,377,338,-998,297,506,-1039,390,330,-1040,316,491,-1096,-28,364,-1099,-152,
475,224,-683,478,255,-618,486,254,-618,494,253,-618,450,259,-637,439,260,-637,427,260,-637,494,243,-257,396,246,-300,477,192,-554,442,189,-575,560,63,-85,287,104,-263,667,-137,-151,69,154,-754,705,-254,-251,361,304,-976,730,-287,-279,427,336,-1061,711,-279,-258,441,325,-936,691,-271,-258,417,301,-943,516,-349,-44,311,-348,46,509,-689,-74,327,-690,91,491,-996,313,316,-993,480,493,-1038,326,308,-1035,513,467,-1094,-128,341,-1096,21,
474,222,-671,478,255,-613,489,254,-612,499,252,-613,448,258,-618,437,259,-618,425,259,-618,511,242,-267,394,245,-271,476,190,-548,441,188,-553,570,60,-95,291,105,-254,667,-145,-115,73,165,-767,703,-284,-74,393,336,-1101,724,-330,-94,466,366,-1203,704,-324,-91,480,362,-1081,685,-308,-82,461,340,-1071,516,-350,-44,308,-348,46,504,-689,-43,315,-690,152,484,-994,386,304,-991,560,487,-1037,402,295,-1033,599,458,-1094,-49,330,-1095,120,
466,217,-675,478,253,-620,488,252,-619,498,251,-619,443,257,-621,429,258,-621,417,258,-621,510,241,-276,389,244,-267,475,186,-555,437,184,-553,571,57,-101,292,105,-255,666,-157,-114,76,167,-776,701,-304,-89,400,342,-1132,720,-354,-113,469,372,-1238,699,-348,-113,485,366,-1120,680,-331,-98,464,346,-1105,513,-351,-45,299,-347,47,496,-691,-42,306,-689,218,475,-993,418,292,-991,695,477,-1035,436,284,-1033,738,447,-1094,-13,319,-1094,253,
462,212,-630,477,250,-581,487,249,-581,498,249,-581,440,253,-580,426,254,-580,413,254,-580,508,239,-267,389,243,-247,474,181,-518,435,180,-513,571,57,-103,293,105,-250,666,-157,-120,82,170,-765,696,-306,-117,397,345,-1053,716,-358,-147,461,372,-1157,691,-352,-151,477,374,-1045,672,-335,-129,462,358,-1026,503,-351,-43,293,-340,45,485,-691,-69,302,-684,154,460,-992,299,283,-987,501,463,-1035,310,272,-1029,529,428,-1093,-121,306,-1093,65,
459,206,-603,477,246,-557,487,245,-557,498,245,-557,438,249,-555,424,250,-555,411,250,-555,508,235,-253,388,240,-226,473,176,-493,433,177,-487,571,57,-101,294,105,-223,666,-157,-120,89,172,-726,696,-307,-97,398,344,-998,715,-360,-127,462,372,-1105,690,-354,-134,477,373,-991,671,-337,-110,462,357,-972,500,-351,-44,291,-337,46,484,-690,-62,303,-682,158,462,-992,307,287,-986,519,466,-1035,319,277,-1028,549,431,-1093,-111,312,-1093,87,
457,207,-623,477,246,-571,487,246,-571,497,245,-571,437,249,-573,423,250,-572,411,251,-573,508,235,-251,388,241,-236,473,176,-507,433,177,-505,572,55,-102,298,106,-228,666,-155,-136,94,171,-735,694,-311,-116,413,339,-1012,714,-364,-147,478,360,-1112,689,-361,-155,490,353,-1000,670,-343,-129,467,335,-987,501,-353,-52,292,-342,55,485,-693,-53,304,-687,225,464,-997,348,289,-992,654,469,-1040,362,279,-1034,691,433,-1100,-84,313,-1100,219,
457,207,-599,476,246,-548,486,246,-547,497,245,-547,438,249,-551,424,250,-551,411,250,-551,509,235,-230,388,240,-227,473,176,-485,433,176,-486,572,55,-86,298,106,-235,662,-154,-98,97,170,-739,684,-310,-58,415,331,-1043,704,-364,-84,485,354,-1146,679,-361,-92,497,345,-1035,661,-343,-71,473,327,-1018,502,-353,-48,292,-340,50,487,-692,-48,305,-687,198,466,-996,358,290,-992,592,470,-1039,371,280,-1034,625,438,-1100,-69,315,-1099,154,
457,207,-605,476,245,-553,486,245,-552,497,244,-553,439,249,-557,425,250,-557,412,250,-557,510,235,-229,389,240,-232,473,176,-489,433,176,-492,572,55,-85,299,106,-240,658,-154,-89,99,171,-741,679,-312,-49,417,329,-1041,700,-366,-74,488,351,-1143,676,-363,-83,502,341,-1030,658,-345,-63,477,323,-1015,502,-352,-47,292,-340,49,488,-692,-47,306,-687,197,468,-997,367,292,-993,601,471,-1040,381,282,-1036,636,440,-1101,-60,318,-1101,163,
457,202,-617,476,241,-555,486,241,-555,497,240,-555,439,246,-569,425,247,-569,412,247,-569,510,230,-266,389,237,-240,473,171,-496,433,171,-503,572,55,-134,300,105,-233,661,-154,-150,100,167,-755,683,-312,-99,418,330,-1084,706,-367,-134,487,353,-1189,681,-364,-129,503,346,-1074,661,-346,-105,481,329,-1057,502,-352,-60,292,-340,62,489,-694,-46,306,-688,256,469,-999,399,293,-994,724,472,-1042,419,283,-1037,767,442,-1103,-19,319,-1103,295,
457,200,-622,475,241,-565,486,240,-565,497,239,-565,439,245,-574,425,246,-574,412,246,-574,511,230,-280,389,235,-243,473,169,-497,433,170,-509,571,55,-144,300,105,-232,661,-155,-149,100,165,-768,681,-313,-100,412,327,-1117,704,-369,-132,482,353,-1224,678,-365,-130,498,346,-1110,658,-347,-108,476,329,-1090,502,-352,-65,291,-339,68,487,-695,-43,306,-688,261,466,-1001,399,292,-995,727,470,-1044,419,282,-1037,769,436,-1105,-19,316,-1104,295,
457,200,-638,475,241,-578,486,240,-578,497,239,-578,440,245,-589,426,246,-589,413,246,-589,510,230,-278,389,236,-257,473,170,-512,433,170,-524,571,55,-140,300,104,-265,662,-155,-146,98,162,-839,683,-315,-101,406,321,-1181,708,-369,-133,481,347,-1288,682,-367,-134,489,342,-1180,661,-349,-109,465,326,-1155,502,-354,-62,291,-341,65,485,-700,-39,302,-694,254,460,-1009,405,282,-1004,696,461,-1052,423,272,-1046,735,431,-1112,-19,304,-1113,274,
456,201,-672,474,241,-612,484,240,-611,494,239,-612,439,244,-619,425,245,-619,412,245,-619,508,229,-278,390,235,-272,472,170,-543,433,170,-551,571,55,-127,300,103,-281,662,-154,-74,97,160,-851,675,-316,-16,404,317,-1188,706,-371,-31,476,343,-1298,681,-370,-42,488,339,-1187,661,-352,-28,464,322,-1163,502,-356,-60,289,-343,63,485,-702,-38,301,-697,241,461,-1012,406,283,-1008,695,462,-1055,424,273,-1050,735,433,-1115,-26,306,-1117,250,
455,201,-676,473,241,-618,483,240,-617,493,239,-617,438,244,-624,425,245,-623,412,244,-624,507,229,-278,390,235,-274,472,170,-549,432,170,-554,571,55,-118,300,102,-282,662,-154,-57,97,158,-855,670,-316,3,403,315,-1196,701,-372,-9,472,340,-1306,679,-370,-21,487,336,-1194,660,-352,-9,464,320,-1170,502,-356,-60,289,-344,63,485,-703,-37,301,-699,235,462,-1014,406,284,-1010,695,463,-1057,424,274,-1053,736,434,-1116,-32,307,-1119,243,
450,201,-638,468,241,-591,479,240,-590,489,239,-590,432,244,-585,419,245,-585,407,245,-585,505,230,-276,388,235,-233,469,170,-525,428,170,-515,570,55,-120,299,101,-225,661,-156,-65,90,153,-831,666,-317,-18,400,314,-1189,690,-373,-34,470,342,-1300,666,-371,-35,484,337,-1181,647,-353,-26,464,320,-1161,502,-357,-64,288,-345,67,485,-705,-71,301,-700,239,463,-1016,331,284,-1012,686,467,-1059,345,275,-1054,726,435,-1118,-108,308,-1121,237,
451,201,-647,468,241,-594,479,241,-593,488,240,-593,432,245,-597,420,245,-596,408,245,-596,499,231,-269,388,235,-261,469,170,-528,428,170,-529,567,56,-105,297,99,-266,660,-153,-58,77,143,-863,670,-317,-34,372,301,-1241,693,-373,-52,437,334,-1349,669,-370,-59,447,327,-1239,651,-353,-44,429,307,-1213,501,-357,-51,287,-346,54,485,-705,-40,301,-702,166,465,-1019,370,288,-1017,571,468,-1063,382,279,-1059,605,438,-1122,-73,313,-1125,107,
452,202,-653,468,242,-595,479,241,-595,488,241,-595,434,245,-603,421,245,-603,409,245,-603,496,232,-262,388,236,-274,469,171,-530,429,170,-538,565,56,-96,295,98,-281,659,-151,-50,72,137,-874,673,-317,-34,360,295,-1259,696,-372,-52,422,329,-1368,673,-370,-63,431,322,-1259,655,-353,-47,413,301,-1232,500,-357,-46,287,-348,48,485,-706,-28,302,-704,150,466,-1022,391,292,-1019,550,469,-1065,403,283,-1061,583,441,-1123,-53,318,-1128,84,
455,205,-716,469,245,-653,479,244,-652,488,244,-652,435,247,-665,422,248,-665,409,248,-665,493,235,-284,387,238,-324,469,174,-583,430,172,-597,563,58,-88,289,98,-329,655,-151,-20,67,101,-942,674,-317,-40,330,281,-1400,696,-372,-59,392,323,-1525,673,-370,-65,403,317,-1420,655,-353,-52,389,295,-1375,501,-357,-31,287,-348,33,486,-706,32,302,-705,158,469,-1021,514,292,-1020,566,471,-1064,534,284,-1063,594,447,-1122,69,318,-1128,122,
454,200,-820,469,240,-761,479,240,-760,488,240,-760,434,243,-774,421,244,-774,409,244,-774,493,234,-387,386,238,-432,468,171,-683,429,170,-697,563,58,-118,289,96,-369,655,-151,20,69,41,-910,668,-316,30,285,235,-1385,696,-375,16,346,300,-1517,673,-373,-8,362,300,-1418,654,-356,9,353,273,-1364,501,-355,-29,286,-348,32,489,-703,18,302,-705,145,476,-1018,524,294,-1020,580,478,-1062,547,285,-1062,615,454,-1118,77,324,-1123,105,
454,197,-839,469,238,-780,479,238,-780,488,238,-780,435,240,-794,422,242,-794,409,242,-794,493,233,-409,386,237,-454,468,169,-702,428,169,-717,563,58,-137,289,94,-383,656,-150,22,70,31,-905,667,-316,34,277,224,-1387,699,-375,20,339,292,-1520,676,-374,-6,355,293,-1422,657,-358,13,347,265,-1368,501,-354,-29,285,-348,31,491,-702,14,302,-705,146,479,-1017,533,295,-1019,590,481,-1061,557,286,-1061,626,457,-1116,87,327,-1121,111,
458,207,-794,475,245,-739,486,244,-739,496,243,-739,437,248,-752,422,249,-751,409,249,-751,505,235,-390,386,241,-428,472,173,-665,428,173,-676,577,60,-160,276,79,-310,664,-137,-84,178,-157,-296,674,-304,-391,184,-297,-761,703,-360,-480,159,-345,-875,676,-360,-532,188,-336,-957,658,-341,-431,205,-317,-810,525,-345,-37,309,-345,41,512,-687,-3,315,-691,211,503,-995,503,312,-994,717,505,-1044,525,306,-1042,754,473,-1088,51,344,-1090,232,
459,215,-847,476,252,-795,488,251,-795,498,249,-796,438,255,-809,423,255,-809,409,255,-809,507,238,-444,385,243,-488,473,178,-715,428,177,-728,580,65,-211,270,71,-333,673,-125,-202,194,-165,-381,695,-291,-590,185,-328,-860,724,-346,-695,159,-383,-980,694,-347,-749,191,-378,-1059,674,-328,-633,208,-356,-909,535,-341,-42,320,-345,46,521,-681,8,322,-689,239,514,-987,527,324,-988,775,517,-1037,549,320,-1036,815,484,-1080,65,358,-1082,294,
396,217,-818,411,258,-776,427,261,-776,442,263,-777,371,255,-775,358,255,-774,345,254,-774,463,254,-463,332,242,-436,431,184,-695,379,178,-690,579,82,-222,253,66,-263,675,-117,-241,195,-188,-282,693,-289,-599,186,-339,-794,722,-345,-699,163,-393,-920,692,-346,-753,193,-380,-999,672,-327,-640,210,-358,-844,541,-336,-60,322,-343,65,534,-674,-122,331,-685,235,536,-978,313,343,-983,712,543,-1029,325,342,-1033,729,497,-1070,-193,379,-1080,214,
362,220,-862,375,263,-826,390,268,-826,404,271,-827,337,255,-813,323,255,-813,308,253,-813,428,263,-501,295,240,-420,398,189,-735,350,178,-711,568,89,-281,225,63,-223,671,-117,-268,172,-174,-164,672,-302,-584,158,-358,-603,695,-369,-678,132,-421,-715,658,-372,-729,165,-417,-799,641,-348,-620,182,-393,-654,539,-336,-97,310,-343,101,528,-675,-44,329,-687,431,530,-981,587,337,-984,1098,538,-1031,616,335,-1034,1153,492,-1075,47,373,-1087,603,
330,219,-921,345,262,-894,359,266,-894,374,270,-895,304,253,-874,289,250,-873,274,246,-873,404,263,-589,262,234,-467,364,189,-799,318,175,-764,550,87,-356,203,62,-243,649,-119,-415,168,-161,-206,625,-307,-789,135,-346,-641,639,-377,-902,114,-414,-759,601,-377,-951,148,-405,-839,587,-352,-827,164,-380,-691,511,-337,-99,282,-344,103,511,-679,-73,305,-690,397,528,-983,515,328,-985,753,531,-1032,543,332,-1037,778,480,-1077,-37,363,-1089,239,
312,219,-928,329,262,-901,343,266,-902,357,270,-902,289,253,-878,273,250,-878,258,245,-878,387,262,-601,246,233,-469,344,188,-807,298,175,-770,533,86,-380,188,59,-228,639,-117,-422,160,-163,-131,614,-311,-761,130,-350,-560,629,-383,-876,111,-418,-676,588,-381,-929,144,-411,-763,575,-355,-799,160,-385,-614,495,-339,-101,268,-349,105,502,-686,-64,293,-695,288,526,-984,507,321,-989,653,526,-1035,533,331,-1043,679,478,-1078,-21,356,-1093,150,
309,219,-890,327,263,-858,343,267,-858,359,271,-858,286,253,-843,271,250,-842,256,245,-842,389,262,-552,242,233,-455,342,188,-768,294,175,-742,528,87,-324,180,55,-238,623,-118,-316,156,-174,-194,602,-315,-581,144,-357,-639,619,-387,-673,127,-425,-758,578,-386,-723,161,-418,-834,565,-358,-616,175,-391,-688,488,-340,-94,259,-350,98,496,-687,-46,285,-696,217,522,-985,525,313,-990,608,525,-1037,551,324,-1045,634,473,-1079,32,349,-1093,117,
305,220,-877,323,265,-843,339,270,-843,355,273,-844,283,254,-830,269,250,-829,254,245,-829,385,264,-536,241,234,-447,336,189,-754,289,177,-730,525,89,-303,176,55,-244,628,-119,-287,150,-183,-164,612,-315,-531,145,-366,-552,631,-386,-616,128,-434,-661,589,-386,-664,165,-429,-734,576,-359,-564,178,-401,-598,489,-340,-90,259,-353,94,496,-689,-29,286,-699,219,521,-986,549,314,-994,641,529,-1041,578,323,-1051,672,477,-1083,63,355,-1098,154,
306,221,-810,325,267,-788,342,272,-788,358,275,-788,283,254,-764,270,250,-763,256,246,-763,388,265,-523,245,234,-387,343,190,-702,291,177,-664,527,91,-293,186,55,-196,624,-119,-267,147,-162,-81,605,-313,-426,150,-337,-422,623,-384,-496,132,-403,-512,583,-384,-542,169,-398,-578,571,-355,-455,182,-372,-464,488,-339,-89,260,-351,93,495,-688,-18,287,-697,253,520,-986,543,314,-994,731,527,-1039,571,322,-1049,768,474,-1085,71,353,-1097,259,
308,221,-795,327,267,-778,345,272,-778,361,275,-778,285,254,-752,272,250,-751,259,245,-751,392,265,-518,250,233,-380,348,190,-691,294,177,-650,529,91,-308,193,58,-193,621,-121,-271,148,-155,-69,605,-316,-427,157,-338,-381,612,-384,-508,140,-407,-466,573,-384,-554,175,-406,-531,563,-355,-462,188,-378,-422,493,-339,-89,262,-349,93,496,-687,0,288,-693,289,520,-984,562,313,-991,801,526,-1035,592,321,-1045,842,470,-1085,104,352,-1094,345,
308,221,-785,328,267,-769,346,271,-769,363,275,-769,286,254,-743,272,250,-742,260,245,-742,394,265,-512,251,233,-375,350,190,-681,295,177,-641,531,91,-305,197,61,-193,619,-123,-264,148,-153,-74,606,-318,-432,159,-338,-393,611,-383,-505,141,-407,-479,572,-383,-549,177,-406,-543,562,-355,-463,190,-379,-433,496,-339,-89,264,-348,92,496,-686,8,289,-690,291,520,-982,565,313,-989,800,525,-1033,596,320,-1042,840,468,-1085,113,351,-1092,346,
310,222,-824,332,269,-804,351,273,-804,365,276,-804,293,256,-790,279,252,-789,266,247,-789,394,266,-531,253,234,-444,359,192,-713,300,178,-687,537,91,-311,199,62,-261,621,-125,-239,153,-157,-150,609,-319,-413,162,-340,-487,617,-383,-485,147,-408,-580,578,-383,-532,182,-406,-644,567,-355,-444,194,-379,-527,498,-338,-80,267,-348,84,505,-685,102,297,-690,321,522,-983,724,318,-990,911,529,-1033,761,323,-1042,959,475,-1086,280,356,-1092,453,
347,223,-796,364,269,-769,378,273,-769,391,276,-769,321,260,-763,306,257,-762,292,254,-762,416,265,-485,280,239,-441,384,192,-681,328,180,-666,547,91,-278,215,70,-259,626,-119,-188,166,-154,-120,612,-308,-371,170,-323,-412,617,-370,-440,148,-387,-496,581,-371,-485,183,-386,-559,568,-343,-401,197,-360,-450,502,-334,-75,275,-342,79,506,-680,73,299,-684,307,521,-979,645,317,-985,856,529,-1029,676,322,-1036,899,475,-1082,197,356,-1086,395,
380,229,-773,393,273,-741,406,276,-741,418,277,-741,354,266,-740,338,264,-740,325,262,-740,443,266,-460,308,246,-434,409,194,-662,365,187,-654,563,90,-257,231,70,-269,641,-119,-146,169,-151,-140,621,-301,-316,180,-318,-414,635,-363,-378,159,-381,-495,596,-366,-421,196,-380,-555,584,-337,-345,208,-353,-449,513,-335,-61,289,-342,65,513,-680,99,306,-684,300,521,-980,671,320,-984,834,528,-1029,703,322,-1035,876,479,-1081,249,358,-1083,383,
418,229,-777,432,274,-741,445,275,-741,458,277,-741,394,269,-744,381,267,-743,367,265,-744,472,266,-448,340,249,-449,440,195,-663,400,189,-657,575,87,-241,246,70,-297,657,-116,-151,170,-151,-193,650,-293,-357,183,-324,-433,673,-354,-423,160,-387,-503,636,-358,-467,199,-384,-625,620,-332,-387,212,-358,-485,526,-335,-53,304,-342,56,521,-680,88,316,-684,281,523,-982,653,325,-984,825,529,-1032,684,325,-1035,865,487,-1082,230,363,-1084,361,
426,230,-784,440,274,-745,454,275,-745,467,277,-746,402,270,-756,388,268,-755,373,266,-755,480,265,-453,345,250,-467,447,195,-665,408,190,-676,579,84,-238,251,71,-315,667,-112,-167,172,-151,-247,667,-285,-440,184,-324,-597,692,-346,-530,161,-387,-695,655,-347,-575,200,-382,-781,639,-324,-476,213,-357,-642,530,-336,-49,307,-342,53,521,-681,80,317,-686,265,522,-985,642,325,-985,823,529,-1036,671,324,-1036,861,487,-1082,209,362,-1085,360,
450,230,-745,465,274,-704,478,275,-704,489,276,-704,428,271,-718,415,269,-718,402,267,-718,497,264,-414,373,250,-457,468,196,-634,428,191,-648,587,78,-213,263,71,-321,666,-114,-103,179,-151,-254,672,-288,-288,189,-322,-559,696,-347,-356,171,-389,-639,666,-348,-399,208,-383,-725,648,-326,-321,223,-359,-602,536,-338,-42,317,-344,45,525,-681,76,323,-686,207,523,-988,602,332,-986,705,528,-1038,627,330,-1036,742,496,-1082,196,368,-1085,261,
452,231,-834,467,274,-776,480,275,-777,492,276,-777,430,272,-793,417,270,-792,403,268,-793,500,263,-419,373,251,-487,471,197,-708,432,193,-723,589,73,-221,264,70,-354,679,-114,-129,180,-153,-309,707,-282,-372,190,-339,-664,735,-338,-453,171,-405,-763,709,-338,-512,208,-402,-847,689,-318,-416,223,-377,-709,541,-348,-45,320,-353,48,529,-694,72,331,-701,222,529,-1002,638,342,-1001,766,533,-1053,664,338,-1050,809,506,-1093,193,382,-1099,280,
474,231,-858,492,274,-802,504,274,-802,515,275,-802,451,271,-818,437,270,-818,424,268,-818,521,261,-431,393,252,-508,491,197,-729,448,193,-744,596,69,-225,271,70,-353,675,-127,-111,185,-155,-285,692,-290,-353,191,-338,-626,717,-348,-429,171,-402,-723,686,-346,-486,208,-398,-802,668,-324,-393,223,-373,-669,547,-355,-46,324,-356,49,530,-698,6,330,-704,229,528,-1007,531,340,-1003,759,533,-1060,552,337,-1052,798,503,-1097,58,380,-1101,277,
492,231,-924,509,274,-869,520,274,-869,530,275,-869,467,271,-890,453,270,-890,439,268,-891,534,261,-503,407,252,-593,510,197,-789,464,193,-813,606,68,-226,285,70,-440,677,-128,-77,191,-155,-405,696,-297,-284,198,-345,-747,719,-355,-343,177,-409,-847,697,-355,-408,215,-407,-922,677,-335,-325,231,-382,-788,560,-359,-38,341,-362,41,544,-703,-6,346,-711,109,541,-1015,522,356,-1009,516,544,-1067,544,351,-1057,542,520,-1105,61,397,-1106,26,
506,231,-1027,520,273,-978,531,274,-978,541,275,-978,479,271,-1002,464,269,-1002,449,267,-1003,543,261,-612,417,252,-712,523,197,-885,477,191,-914,609,69,-285,301,73,-523,675,-128,-68,198,-157,-473,691,-295,-224,203,-349,-794,713,-350,-268,182,-413,-888,697,-350,-340,219,-409,-960,677,-332,-266,235,-385,-832,571,-358,-27,349,-362,30,557,-702,0,354,-709,97,553,-1013,524,367,-1008,511,554,-1065,549,363,-1057,538,537,-1104,66,409,-1105,17,
507,231,-1054,520,273,-1002,531,274,-1002,541,274,-1002,480,270,-1026,464,269,-1025,448,266,-1026,543,261,-634,415,251,-726,523,197,-911,478,190,-938,612,69,-309,301,73,-530,674,-128,-77,198,-163,-474,689,-293,-221,206,-353,-794,712,-348,-265,185,-416,-889,688,-347,-333,222,-410,-960,670,-329,-261,238,-385,-832,575,-357,-26,351,-361,29,559,-702,-24,355,-709,62,554,-1013,487,367,-1009,434,555,-1065,507,362,-1058,456,537,-1105,22,410,-1106,-65,
508,229,-1041,519,272,-990,531,273,-990,541,274,-990,480,266,-1013,464,263,-1013,448,260,-1013,543,261,-616,417,246,-709,526,196,-895,482,188,-923,613,70,-296,314,73,-500,673,-124,-59,202,-155,-465,686,-271,-210,207,-278,-783,708,-320,-251,189,-323,-873,688,-311,-315,221,-302,-935,670,-295,-248,237,-286,-818,578,-352,-25,357,-358,28,567,-694,-37,365,-701,17,564,-1007,445,377,-1002,359,565,-1056,461,372,-1049,379,544,-1099,-23,417,-1099,-142,
499,229,-1016,508,272,-968,520,273,-968,530,275,-969,471,261,-988,456,256,-988,441,252,-988,536,262,-612,415,239,-687,521,196,-876,480,187,-897,615,72,-291,328,73,-500,672,-116,-44,221,-153,-456,685,-265,-178,226,-308,-754,705,-315,-213,205,-365,-847,685,-311,-286,239,-361,-908,667,-294,-219,255,-338,-788,583,-347,-9,368,-351,12,573,-688,-66,380,-691,-95,578,-1004,354,394,-1001,182,580,-1053,365,391,-1049,193,556,-1098,-112,432,-1098,-322,
492,227,-997,502,270,-955,514,272,-955,525,275,-955,465,257,-967,450,252,-967,435,247,-967,533,262,-625,411,235,-662,514,196,-866,473,185,-877,619,75,-308,331,74,-479,679,-112,-60,225,-146,-435,684,-262,-185,229,-309,-696,704,-311,-219,208,-367,-780,684,-308,-282,242,-362,-841,667,-291,-222,258,-339,-730,593,-328,-14,378,-332,17,584,-674,-94,390,-675,-62,589,-990,324,405,-985,210,594,-1038,335,404,-1031,222,562,-1081,-152,441,-1081,-300,
488,225,-901,499,269,-861,511,272,-861,522,275,-861,461,255,-871,446,250,-870,432,245,-871,533,262,-555,408,233,-579,511,195,-782,470,182,-789,622,75,-270,332,74,-436,682,-116,-41,226,-149,-369,686,-264,-138,228,-311,-644,704,-314,-173,207,-368,-728,686,-311,-230,241,-363,-791,670,-292,-173,257,-340,-679,591,-330,-15,375,-333,18,581,-674,-70,387,-677,3,583,-988,392,399,-985,339,588,-1036,408,397,-1031,358,557,-1080,-71,435,-1081,-158,
488,226,-863,499,270,-818,511,273,-818,521,275,-818,460,255,-825,445,251,-825,431,246,-825,531,263,-502,406,234,-517,508,196,-743,467,182,-748,621,75,-237,331,75,-381,682,-116,-48,232,-151,-378,687,-261,-171,228,-293,-783,706,-308,-216,207,-342,-890,689,-303,-272,240,-325,-951,672,-287,-206,256,-307,-822,592,-329,-17,377,-334,20,586,-673,-66,392,-678,26,593,-985,416,408,-984,376,599,-1031,434,406,-1029,396,566,-1076,-42,446,-1080,-124,
486,226,-855,498,270,-810,510,273,-810,521,276,-810,457,257,-815,442,252,-814,429,248,-815,530,263,-492,404,235,-496,508,196,-735,465,182,-736,621,74,-241,326,75,-353,687,-121,-132,227,-164,-315,686,-271,-369,226,-305,-701,705,-320,-446,201,-349,-814,686,-315,-494,233,-332,-899,671,-297,-406,250,-316,-748,591,-330,-31,376,-335,35,580,-673,-62,385,-679,88,577,-985,419,388,-984,460,584,-1032,437,383,-1030,483,544,-1077,-44,419,-1081,-34,
482,227,-842,497,270,-791,509,273,-791,519,275,-791,455,259,-795,440,255,-795,427,251,-795,529,261,-451,403,237,-453,505,196,-716,456,183,-717,621,73,-208,322,76,-292,693,-125,-188,220,-163,-300,705,-237,-570,204,-290,-746,727,-269,-667,181,-332,-863,709,-256,-708,207,-310,-941,690,-246,-608,224,-296,-794,574,-335,-45,360,-338,48,560,-680,-33,368,-685,128,554,-989,469,362,-991,545,559,-1036,488,356,-1036,573,519,-1081,-16,391,-1088,36,
473,227,-854,497,269,-802,508,270,-802,518,270,-802,452,261,-802,436,260,-801,423,258,-801,530,255,-445,403,244,-417,497,195,-723,443,185,-717,619,65,-202,302,76,-206,717,-125,-407,206,-156,-207,716,-102,-996,169,-170,-638,731,-94,-1112,149,-183,-725,714,-65,-1105,166,-146,-767,695,-73,-1017,181,-145,-668,547,-344,-83,331,-343,87,526,-685,-92,331,-693,279,521,-992,373,330,-995,760,526,-1037,388,324,-1038,796,486,-1085,-140,358,-1094,254,
471,227,-833,495,269,-783,506,269,-783,517,268,-783,451,264,-777,435,263,-777,421,263,-777,531,252,-431,403,247,-387,494,195,-704,440,187,-692,615,64,-212,297,76,-169,729,-112,-538,187,-140,-285,740,-60,-1162,173,20,-896,756,-48,-1274,157,70,-991,739,-17,-1261,173,90,-986,720,-28,-1181,188,75,-912,544,-347,-93,327,-346,97,526,-691,-77,332,-700,287,525,-997,398,334,-1002,764,529,-1040,414,329,-1042,800,495,-1090,-101,361,-1102,264,
470,227,-804,494,268,-746,506,266,-747,517,262,-747,451,266,-751,435,268,-751,422,269,-751,531,248,-400,403,253,-405,491,194,-678,438,189,-680,606,59,-186,287,76,-221,716,-119,-257,189,-157,-158,740,-223,-888,171,-239,-532,749,-269,-1253,151,-281,-624,731,-259,-1014,174,-260,-701,708,-243,-1017,190,-243,-575,535,-352,-84,319,-348,87,519,-694,-198,326,-700,153,515,-1003,221,328,-1003,495,519,-1051,229,321,-1047,513,483,-1095,-293,357,-1102,-24,
470,227,-813,494,266,-755,505,263,-755,516,259,-755,451,267,-760,436,269,-760,423,270,-760,531,244,-399,403,255,-408,489,193,-684,437,190,-687,599,57,-176,284,77,-213,710,-118,-196,185,-156,-168,729,-226,-726,161,-236,-576,745,-270,-867,141,-278,-674,724,-258,-801,165,-249,-746,703,-243,-775,179,-234,-617,524,-352,-81,310,-348,85,511,-694,-231,322,-698,74,508,-1003,154,323,-1002,370,511,-1051,159,316,-1047,384,475,-1095,-368,353,-1100,-157,
470,226,-810,494,259,-754,506,255,-754,517,251,-754,455,267,-768,440,269,-767,428,272,-767,531,239,-403,404,259,-414,487,189,-680,437,190,-694,587,58,-152,273,77,-285,675,-122,-39,188,-157,-203,698,-265,-325,164,-315,-608,722,-315,-408,146,-371,-708,698,-311,-465,165,-364,-779,678,-293,-371,183,-342,-651,522,-349,-47,312,-345,51,505,-690,-170,315,-692,25,497,-1001,242,314,-997,308,498,-1050,252,306,-1044,319,470,-1091,-241,344,-1089,-196,
471,225,-780,494,258,-723,506,253,-723,517,249,-723,455,267,-742,441,270,-741,428,274,-741,530,237,-377,403,260,-432,485,188,-651,437,191,-672,583,58,-120,266,78,-287,656,-129,33,187,-154,-210,657,-291,-184,167,-316,-542,678,-347,-248,149,-371,-638,648,-346,-307,167,-369,-713,632,-323,-225,184,-345,-584,519,-349,-32,305,-341,37,497,-688,-169,303,-687,46,486,-999,212,299,-990,345,485,-1050,220,291,-1041,357,458,-1086,-266,329,-1081,-151,
471,225,-799,494,258,-744,505,254,-744,516,250,-744,455,267,-756,441,271,-755,428,274,-756,525,238,-394,398,260,-470,484,187,-670,437,191,-681,579,58,-135,259,78,-339,650,-129,28,188,-154,-252,651,-300,-171,168,-317,-583,671,-358,-231,151,-371,-680,642,-359,-287,168,-370,-743,627,-336,-210,186,-347,-622,516,-347,-29,301,-340,33,493,-686,-93,299,-686,87,478,-997,353,294,-989,484,478,-1049,368,287,-1040,508,453,-1085,-105,325,-1080,-4,
471,225,-806,493,258,-750,504,254,-750,515,250,-750,455,268,-765,441,272,-765,428,275,-765,522,238,-396,396,261,-479,483,187,-675,436,191,-690,579,58,-139,256,78,-353,648,-129,24,188,-153,-278,645,-300,-175,171,-316,-586,663,-359,-234,152,-372,-685,633,-359,-290,173,-371,-754,619,-336,-213,191,-347,-625,518,-346,-28,302,-340,32,496,-685,-49,301,-685,125,484,-995,434,298,-987,549,484,-1047,452,291,-1038,576,458,-1083,-21,330,-1080,64,
468,225,-810,487,258,-753,498,254,-753,509,250,-753,449,268,-768,433,272,-768,419,275,-768,517,239,-403,388,260,-477,480,187,-680,434,190,-694,579,59,-157,257,78,-346,652,-129,-116,188,-153,-283,652,-299,-474,173,-319,-698,669,-358,-577,152,-374,-814,644,-357,-631,177,-372,-899,628,-334,-517,194,-348,-747,520,-345,-30,304,-339,34,498,-685,-36,302,-685,180,483,-993,448,297,-987,627,484,-1045,467,291,-1038,657,454,-1081,-13,329,-1080,142,
457,228,-822,472,264,-765,482,262,-766,492,260,-766,432,269,-776,416,272,-775,401,274,-776,501,245,-408,375,259,-466,473,192,-689,425,191,-697,579,71,-189,258,78,-327,654,-125,-187,188,-157,-297,669,-291,-569,173,-316,-775,693,-347,-676,148,-367,-900,662,-345,-734,176,-362,-989,644,-324,-613,194,-341,-827,523,-333,-40,307,-335,44,512,-677,-5,319,-683,188,508,-983,505,320,-985,649,513,-1033,526,315,-1035,681,475,-1074,36,352,-1079,157,
452,229,-842,466,267,-793,476,265,-793,486,264,-793,426,270,-801,410,272,-801,395,273,-801,496,248,-449,371,257,-479,470,193,-712,422,191,-717,578,76,-218,260,78,-332,654,-125,-194,189,-160,-324,676,-290,-541,173,-320,-782,703,-346,-641,146,-370,-901,671,-345,-698,176,-366,-987,652,-325,-585,194,-345,-832,524,-332,-43,310,-335,47,518,-677,-18,325,-683,176,516,-983,479,329,-985,609,521,-1033,499,325,-1035,639,483,-1074,17,359,-1079,122,
427,229,-843,436,267,-799,448,268,-799,458,269,-799,395,265,-803,381,262,-803,369,260,-803,470,255,-475,350,247,-479,453,194,-716,403,189,-717,578,84,-245,261,76,-326,655,-112,-225,202,-163,-323,679,-288,-551,183,-317,-793,707,-342,-651,154,-367,-915,677,-340,-709,182,-360,-1001,657,-320,-593,202,-340,-846,531,-323,-49,319,-331,53,529,-665,-30,337,-675,167,531,-971,452,346,-978,590,539,-1020,470,345,-1027,617,497,-1061,-15,377,-1072,94,
419,230,-837,426,269,-797,438,271,-797,449,274,-797,387,264,-799,373,260,-798,362,257,-798,461,260,-471,346,244,-476,447,197,-715,397,189,-712,578,87,-236,261,74,-326,657,-106,-214,207,-165,-329,677,-287,-546,191,-320,-767,704,-339,-642,163,-370,-885,675,-337,-700,190,-364,-965,656,-318,-589,210,-343,-816,539,-320,-49,329,-331,53,540,-660,-42,351,-674,114,548,-967,416,363,-977,443,556,-1017,433,362,-1027,462,516,-1057,-42,395,-1070,-39,
405,228,-857,416,269,-823,429,271,-823,442,273,-823,375,259,-819,362,255,-819,351,252,-819,458,260,-512,337,240,-482,437,197,-737,385,187,-726,576,89,-276,262,74,-326,658,-100,-297,207,-162,-327,674,-285,-659,191,-320,-765,699,-337,-766,163,-373,-871,669,-336,-823,190,-368,-946,651,-316,-702,210,-346,-806,539,-321,-57,330,-331,61,540,-660,-68,350,-674,145,548,-967,378,364,-977,471,557,-1017,394,363,-1027,488,515,-1057,-92,393,-1070,12,
400,228,-856,412,269,-816,426,271,-816,438,274,-816,371,258,-819,358,254,-818,347,250,-819,456,261,-499,334,239,-463,433,197,-732,381,186,-719,576,89,-262,262,73,-309,655,-101,-299,207,-156,-286,666,-284,-698,192,-321,-683,688,-338,-808,164,-378,-798,660,-337,-866,195,-375,-881,642,-316,-742,213,-352,-731,539,-322,-61,331,-331,65,539,-662,-71,349,-675,165,547,-968,379,362,-977,521,555,-1018,396,362,-1027,543,513,-1058,-93,393,-1071,55,
402,228,-837,415,269,-801,428,271,-801,440,274,-802,373,258,-800,360,253,-800,349,250,-800,457,261,-498,335,238,-452,433,196,-715,381,185,-703,574,88,-254,261,73,-301,653,-102,-262,209,-155,-278,657,-287,-626,198,-322,-680,676,-346,-731,171,-380,-798,646,-346,-788,202,-378,-881,630,-324,-669,220,-355,-730,535,-322,-61,328,-331,64,533,-662,-55,343,-675,166,537,-969,415,353,-978,549,545,-1019,434,353,-1028,574,502,-1059,-49,380,-1072,74,
406,226,-779,420,267,-737,433,268,-738,445,269,-738,379,258,-741,366,255,-740,354,252,-740,461,257,-429,339,240,-422,434,194,-659,383,185,-658,570,78,-196,253,74,-283,634,-119,-218,203,-154,-267,629,-296,-586,195,-323,-666,645,-358,-688,168,-382,-786,613,-357,-754,202,-380,-860,600,-332,-631,220,-356,-711,518,-329,-46,310,-333,50,515,-667,-98,325,-676,36,520,-972,330,337,-979,305,526,-1024,345,336,-1029,315,487,-1062,-115,366,-1072,-169,
408,224,-792,424,265,-750,437,264,-751,449,264,-751,381,258,-754,367,256,-753,355,255,-753,466,253,-428,340,243,-424,437,189,-671,385,184,-669,567,73,-188,249,76,-286,621,-130,-201,193,-150,-261,604,-304,-578,191,-322,-636,617,-368,-678,166,-380,-753,588,-365,-739,200,-378,-829,575,-340,-621,217,-354,-681,505,-335,-38,294,-334,42,495,-673,-145,305,-677,-7,490,-979,270,309,-980,246,494,-1032,284,305,-1032,254,458,-1070,-189,340,-1074,-247,
410,222,-793,427,263,-751,439,262,-751,452,260,-751,383,258,-758,368,257,-757,356,257,-758,469,250,-429,341,246,-449,438,186,-673,387,184,-675,566,70,-197,247,78,-291,620,-134,-229,187,-149,-264,602,-309,-616,184,-321,-637,615,-374,-724,159,-379,-751,583,-370,-781,193,-377,-830,570,-344,-660,209,-353,-683,500,-339,-38,290,-335,42,486,-678,-144,295,-679,25,476,-984,279,294,-982,299,479,-1037,294,289,-1034,310,443,-1075,-176,323,-1076,-184,
418,221,-834,438,259,-786,450,258,-786,462,256,-786,396,258,-801,380,258,-800,367,258,-801,476,246,-438,346,247,-492,439,184,-701,391,184,-716,566,67,-199,245,77,-327,622,-136,-195,182,-149,-292,611,-308,-578,181,-323,-657,626,-371,-682,157,-383,-771,596,-367,-750,192,-380,-847,582,-342,-626,208,-356,-699,501,-347,-36,289,-341,40,486,-686,-131,293,-687,37,478,-993,279,295,-990,300,481,-1047,290,289,-1042,309,446,-1083,-190,326,-1084,-192,
425,220,-838,445,257,-790,457,255,-790,469,253,-791,404,258,-805,388,258,-804,374,258,-805,482,244,-439,349,247,-494,441,183,-704,395,183,-719,566,67,-200,246,77,-329,625,-135,-196,182,-145,-293,613,-306,-582,180,-323,-660,629,-368,-685,154,-382,-776,598,-365,-747,190,-379,-852,584,-340,-627,206,-355,-704,504,-347,-36,291,-342,40,487,-686,-95,294,-687,90,476,-993,329,292,-989,415,479,-1046,343,286,-1041,432,443,-1083,-131,324,-1083,-69,
430,219,-847,448,257,-799,460,255,-799,472,253,-799,409,258,-810,393,258,-810,378,258,-810,484,243,-450,351,247,-491,444,183,-715,400,183,-726,566,67,-225,247,77,-327,629,-137,-224,183,-153,-294,616,-307,-593,181,-324,-704,632,-370,-701,155,-382,-821,603,-366,-756,191,-379,-905,588,-341,-635,207,-355,-752,504,-347,-42,292,-342,46,490,-685,-101,296,-687,177,477,-992,324,293,-989,573,480,-1045,338,287,-1041,597,443,-1082,-151,322,-1083,89,
432,219,-849,450,257,-801,462,255,-801,473,253,-801,411,258,-812,395,258,-811,380,258,-811,485,243,-455,352,247,-490,445,183,-719,402,183,-727,566,68,-233,247,77,-325,631,-138,-230,184,-156,-293,618,-307,-592,182,-324,-707,634,-370,-699,156,-382,-823,605,-367,-754,191,-379,-908,591,-342,-634,208,-354,-755,504,-346,-44,294,-342,48,491,-685,-111,297,-687,185,477,-992,309,292,-989,575,480,-1045,322,287,-1041,598,442,-1082,-171,321,-1083,91,
434,218,-859,451,256,-811,462,255,-812,474,253,-812,412,257,-822,396,257,-821,381,257,-821,485,243,-466,353,246,-495,447,183,-728,405,182,-735,567,68,-237,247,76,-335,644,-137,-239,188,-160,-319,649,-307,-628,185,-329,-761,671,-366,-741,159,-386,-881,641,-362,-796,194,-382,-966,623,-339,-671,211,-358,-811,515,-346,-47,300,-344,51,500,-685,-36,305,-690,197,488,-992,466,301,-991,641,491,-1044,487,297,-1042,672,453,-1082,-1,329,-1085,155,
434,219,-887,450,258,-842,461,258,-842,472,258,-842,411,257,-849,395,257,-848,380,256,-848,482,246,-502,352,245,-508,449,183,-757,406,182,-759,569,70,-279,250,73,-334,660,-132,-323,195,-172,-318,670,-292,-757,190,-333,-782,695,-348,-884,164,-389,-902,662,-343,-936,197,-383,-994,643,-323,-800,214,-359,-835,527,-346,-65,311,-347,69,516,-686,-49,320,-693,257,508,-992,423,322,-993,737,513,-1044,442,319,-1044,771,474,-1083,-50,349,-1087,253,
435,219,-901,450,259,-856,461,260,-856,471,260,-856,411,258,-863,395,257,-862,380,256,-862,480,248,-513,352,244,-520,449,184,-771,407,182,-773,570,71,-290,252,70,-341,663,-131,-361,201,-178,-335,673,-286,-828,191,-337,-805,697,-340,-958,166,-393,-927,665,-334,-1011,197,-385,-1022,646,-315,-872,214,-361,-860,533,-346,-67,316,-350,71,522,-686,-58,325,-695,238,515,-993,406,328,-995,687,520,-1044,424,325,-1046,718,482,-1084,-67,357,-1089,200,
425,219,-843,438,260,-807,450,262,-807,461,263,-807,396,257,-809,381,255,-808,368,254,-808,474,250,-501,348,241,-481,447,184,-723,403,181,-718,572,77,-287,258,70,-313,662,-121,-265,206,-165,-255,671,-286,-574,201,-329,-638,694,-342,-671,177,-386,-746,659,-338,-724,208,-379,-827,642,-317,-613,225,-355,-685,536,-334,-66,322,-339,70,529,-672,-11,332,-680,217,530,-975,495,342,-978,630,537,-1025,518,343,-1027,657,496,-1067,44,372,-1072,146,
419,219,-821,432,261,-784,445,263,-784,456,265,-784,389,257,-786,374,254,-786,362,252,-786,472,253,-480,345,240,-460,446,185,-701,400,181,-697,574,79,-270,259,69,-304,661,-120,-224,205,-162,-248,669,-290,-513,204,-327,-629,691,-350,-606,180,-385,-737,653,-349,-657,213,-379,-813,639,-325,-551,229,-355,-674,540,-332,-65,324,-338,69,536,-670,37,338,-678,221,541,-971,579,351,-975,685,548,-1021,606,352,-1024,720,508,-1064,132,383,-1070,219,
416,219,-854,430,261,-817,443,263,-818,454,265,-818,386,256,-816,371,254,-815,360,251,-816,470,253,-501,344,239,-468,443,185,-732,397,180,-722,574,79,-280,260,69,-305,663,-111,-306,205,-158,-258,670,-286,-700,203,-327,-649,691,-347,-811,179,-385,-759,657,-345,-864,211,-379,-842,641,-322,-741,228,-355,-696,542,-332,-67,328,-338,71,541,-671,4,344,-678,227,549,-973,498,360,-976,666,557,-1022,517,360,-1025,697,516,-1065,9,395,-1071,193,
413,218,-871,428,261,-833,441,263,-833,452,265,-833,384,256,-832,369,253,-832,358,251,-832,469,253,-510,343,239,-481,442,185,-747,395,180,-738,574,80,-282,260,69,-314,662,-109,-323,205,-154,-267,667,-284,-732,203,-326,-662,688,-346,-844,178,-385,-774,655,-344,-897,211,-379,-857,639,-321,-774,227,-355,-710,543,-333,-66,329,-338,70,543,-671,-10,346,-679,218,552,-973,446,365,-976,643,561,-1023,461,363,-1025,672,520,-1065,-43,402,-1071,168,
414,218,-819,429,261,-779,442,263,-780,453,265,-780,385,256,-781,371,253,-780,359,251,-780,470,253,-461,343,239,-442,442,185,-696,395,180,-690,575,79,-240,261,69,-298,662,-113,-258,204,-154,-270,665,-288,-605,202,-326,-668,685,-350,-705,178,-385,-780,652,-349,-756,210,-380,-864,637,-326,-644,227,-356,-716,543,-335,-65,329,-340,69,541,-675,18,345,-683,219,547,-976,529,360,-981,673,555,-1025,552,359,-1029,707,514,-1070,74,396,-1077,202,
419,218,-826,435,260,-785,447,261,-785,458,262,-785,392,256,-787,378,253,-787,364,251,-787,474,250,-458,345,239,-457,443,184,-701,396,180,-695,572,76,-220,259,69,-312,650,-118,-178,204,-155,-277,649,-293,-491,201,-326,-669,666,-355,-583,176,-385,-781,637,-353,-644,208,-381,-864,622,-330,-534,224,-358,-717,530,-338,-53,319,-342,57,523,-678,-55,329,-685,81,522,-982,384,336,-986,383,528,-1032,399,332,-1036,397,492,-1074,-73,366,-1080,-107,
424,216,-885,442,256,-840,454,257,-840,466,257,-840,400,255,-850,384,253,-850,369,251,-850,480,247,-488,346,239,-525,445,182,-749,398,179,-758,571,76,-229,255,69,-342,641,-120,-204,201,-152,-321,629,-296,-548,191,-325,-740,642,-358,-648,165,-383,-859,615,-355,-705,196,-380,-945,602,-332,-591,213,-356,-790,524,-339,-51,313,-342,54,511,-679,-63,317,-686,80,506,-984,390,321,-987,403,510,-1034,406,317,-1037,419,476,-1076,-76,351,-1081,-96,
428,216,-902,446,255,-855,458,255,-855,470,255,-855,404,254,-866,388,253,-866,372,251,-866,483,246,-500,347,240,-539,446,180,-764,400,178,-775,570,75,-241,253,70,-347,639,-121,-214,200,-152,-319,623,-297,-602,186,-324,-734,635,-360,-712,161,-382,-853,608,-356,-774,190,-378,-942,595,-333,-648,207,-354,-785,522,-340,-50,310,-342,53,506,-680,-64,311,-686,86,499,-986,396,314,-988,418,502,-1036,413,309,-1038,435,468,-1077,-72,343,-1082,-83,
430,216,-911,448,255,-864,460,255,-864,472,254,-864,406,255,-876,390,253,-876,374,251,-876,485,245,-509,348,240,-552,447,180,-774,401,178,-787,570,72,-250,251,70,-364,638,-126,-222,199,-153,-332,621,-302,-589,186,-325,-737,633,-366,-693,161,-384,-854,605,-361,-756,191,-379,-940,591,-337,-634,208,-355,-786,519,-344,-47,305,-344,51,501,-684,-98,304,-689,94,492,-989,335,306,-990,416,495,-1041,348,302,-1040,431,461,-1081,-141,336,-1084,-78,
430,216,-901,449,254,-855,461,254,-855,473,253,-855,407,254,-866,391,253,-865,375,252,-865,486,244,-506,349,240,-535,447,180,-766,401,178,-777,570,72,-252,251,71,-326,643,-128,-261,198,-156,-299,647,-281,-680,175,-321,-741,668,-332,-795,146,-374,-861,642,-322,-850,174,-364,-954,624,-306,-724,193,-344,-795,518,-345,-57,305,-345,61,502,-687,-89,306,-692,127,492,-995,348,306,-995,492,496,-1046,364,301,-1043,512,459,-1086,-112,334,-1090,-42,
431,215,-907,449,254,-864,461,254,-864,473,253,-864,407,254,-871,391,253,-870,375,252,-871,486,243,-518,349,240,-533,447,180,-774,401,178,-779,570,72,-272,251,72,-327,645,-128,-263,199,-158,-286,651,-283,-665,180,-323,-706,672,-337,-775,152,-377,-819,644,-329,-830,180,-367,-918,626,-311,-709,199,-347,-760,519,-345,-60,305,-345,64,503,-687,-84,307,-692,175,494,-995,358,308,-994,586,498,-1046,375,303,-1043,612,460,-1086,-101,336,-1090,83,
431,215,-910,449,254,-867,461,253,-867,473,252,-867,407,254,-873,391,253,-873,375,252,-873,486,243,-523,350,240,-532,448,180,-777,402,178,-780,570,72,-280,251,73,-328,647,-127,-266,200,-159,-280,653,-285,-653,183,-324,-693,674,-341,-762,155,-379,-805,645,-334,-818,184,-369,-903,627,-315,-697,202,-348,-746,519,-345,-62,305,-345,66,503,-687,-84,307,-692,189,494,-995,371,308,-994,602,499,-1045,387,304,-1043,628,460,-1085,-100,337,-1090,104,
431,215,-905,449,254,-862,461,253,-862,473,252,-863,408,254,-869,392,254,-868,376,252,-868,486,243,-519,350,241,-529,448,180,-773,402,178,-776,570,71,-278,251,73,-329,652,-131,-312,200,-164,-285,661,-286,-764,183,-329,-708,684,-342,-890,156,-385,-825,653,-335,-946,185,-374,-923,635,-316,-810,203,-353,-763,519,-347,-62,306,-346,66,504,-688,-110,308,-695,183,495,-997,318,309,-997,576,499,-1048,331,305,-1046,597,460,-1087,-169,338,-1093,77,
431,214,-912,449,253,-871,461,253,-871,473,252,-871,408,254,-880,392,253,-880,376,252,-880,486,243,-529,350,241,-558,448,178,-779,402,177,-787,570,71,-276,251,73,-366,652,-129,-271,199,-163,-308,660,-288,-662,182,-330,-702,682,-345,-769,155,-386,-816,652,-340,-835,184,-377,-913,634,-320,-710,202,-356,-755,517,-348,-50,305,-347,54,502,-689,-79,307,-695,110,494,-997,351,310,-997,448,498,-1049,365,305,-1046,465,461,-1087,-104,339,-1093,-42,
431,213,-922,449,252,-880,461,252,-881,473,251,-881,408,253,-891,392,253,-890,376,252,-890,486,243,-540,350,241,-572,448,178,-788,402,176,-797,570,71,-277,250,73,-382,652,-129,-260,199,-162,-319,660,-290,-635,182,-331,-701,681,-347,-739,155,-388,-815,650,-342,-806,185,-381,-911,633,-322,-683,202,-359,-754,517,-349,-45,305,-348,49,502,-690,-64,306,-696,89,494,-998,380,310,-997,422,497,-1049,396,306,-1046,439,461,-1088,-73,339,-1093,-69,
431,212,-926,449,252,-886,461,252,-886,473,251,-886,408,253,-896,392,252,-895,376,252,-896,486,242,-547,350,241,-577,448,177,-793,402,175,-801,570,71,-280,250,74,-377,650,-129,-231,195,-161,-317,659,-290,-556,180,-330,-682,680,-347,-653,154,-387,-790,650,-343,-719,183,-380,-886,632,-322,-602,201,-358,-734,513,-349,-45,302,-348,49,496,-689,-80,300,-695,89,484,-998,356,299,-997,415,487,-1049,371,294,-1046,432,452,-1088,-107,327,-1092,-80,
431,213,-894,449,253,-852,461,252,-852,473,252,-852,408,253,-860,392,253,-859,376,252,-860,486,243,-508,350,241,-528,448,177,-761,402,176,-766,569,71,-246,249,74,-344,651,-132,-282,190,-162,-313,670,-263,-773,178,-333,-696,695,-304,-894,153,-390,-806,670,-295,-944,183,-382,-896,649,-282,-817,200,-360,-747,510,-349,-47,298,-348,51,495,-690,-92,300,-696,133,485,-999,339,300,-997,505,488,-1050,352,295,-1046,527,452,-1089,-140,328,-1093,8,
430,213,-898,449,253,-858,461,253,-858,473,252,-858,407,253,-866,391,253,-866,375,252,-866,486,243,-527,350,241,-550,448,177,-767,402,175,-774,569,70,-266,249,74,-363,650,-137,-260,185,-162,-316,659,-287,-610,177,-332,-695,681,-342,-710,153,-389,-804,651,-336,-767,183,-381,-891,633,-315,-652,200,-359,-745,510,-350,-45,296,-349,49,495,-691,-97,297,-697,114,484,-1000,333,297,-999,442,488,-1052,347,293,-1050,460,449,-1091,-136,326,-1095,-42,
430,213,-889,449,253,-849,461,253,-849,473,253,-849,407,253,-858,390,253,-858,375,252,-858,486,244,-524,350,241,-550,448,177,-760,402,175,-768,569,70,-265,249,74,-362,648,-140,-230,183,-162,-315,649,-298,-549,177,-330,-691,670,-358,-645,153,-387,-798,635,-353,-700,183,-380,-881,620,-329,-590,200,-357,-739,510,-352,-45,295,-349,49,494,-692,-103,294,-697,115,482,-1001,323,293,-999,454,485,-1053,337,289,-1051,472,446,-1092,-142,322,-1095,-34,
430,213,-853,448,253,-813,460,254,-813,472,253,-813,406,253,-820,389,253,-820,374,252,-820,486,244,-488,350,241,-504,447,177,-725,401,175,-730,569,70,-254,248,74,-333,638,-139,-225,182,-161,-301,624,-301,-535,177,-329,-690,640,-363,-630,152,-386,-798,606,-358,-681,183,-380,-878,593,-333,-574,200,-357,-737,507,-350,-47,292,-347,51,491,-691,-39,294,-695,176,480,-998,452,293,-995,600,484,-1050,474,289,-1046,630,445,-1090,-2,323,-1092,126,
429,213,-838,447,254,-797,460,254,-797,472,253,-797,405,254,-806,389,253,-805,374,252,-805,486,244,-469,349,241,-489,447,177,-710,401,175,-716,569,69,-239,248,74,-322,635,-139,-220,182,-161,-297,619,-302,-544,177,-328,-692,636,-364,-641,152,-386,-802,601,-360,-692,184,-380,-881,588,-335,-583,201,-357,-737,507,-349,-47,291,-347,51,491,-690,-30,294,-694,185,480,-997,456,294,-994,604,484,-1049,477,290,-1044,632,445,-1090,0,323,-1091,129,
429,213,-834,447,254,-794,460,254,-794,472,254,-794,404,254,-801,388,254,-801,372,253,-801,486,244,-468,349,242,-482,447,177,-706,401,175,-710,569,69,-241,247,75,-319,635,-139,-185,181,-159,-293,618,-304,-437,175,-327,-693,634,-368,-522,148,-385,-803,600,-364,-571,181,-380,-881,588,-339,-473,198,-357,-738,506,-349,-49,290,-346,53,490,-690,23,294,-693,234,479,-996,560,292,-993,722,482,-1047,586,288,-1043,759,443,-1090,112,322,-1091,252,
429,213,-829,446,254,-788,459,254,-788,470,254,-788,403,254,-796,387,254,-795,372,253,-796,485,244,-464,348,242,-483,447,177,-703,400,175,-708,568,69,-231,247,74,-320,636,-140,-196,181,-159,-297,630,-304,-499,176,-327,-706,651,-367,-594,150,-385,-817,619,-363,-645,183,-380,-894,604,-338,-538,200,-357,-752,507,-349,-46,290,-346,49,491,-690,-34,294,-693,156,481,-996,404,294,-993,505,484,-1047,420,290,-1043,524,446,-1089,-46,324,-1091,32,
428,213,-853,446,254,-811,458,254,-811,470,254,-811,403,254,-818,386,254,-817,371,253,-817,485,244,-479,348,242,-494,447,177,-724,400,175,-728,568,69,-246,247,74,-327,636,-140,-269,180,-156,-306,633,-304,-672,172,-327,-717,654,-366,-784,145,-385,-832,622,-362,-841,178,-380,-915,606,-338,-716,196,-357,-766,508,-349,-46,290,-346,50,491,-690,-40,294,-693,156,481,-996,405,294,-993,507,484,-1047,421,290,-1043,527,446,-1089,-53,324,-1091,38,
428,213,-855,446,254,-812,458,254,-812,470,254,-813,403,254,-818,386,254,-818,371,254,-818,484,244,-481,348,242,-492,447,178,-724,400,176,-730,568,70,-249,247,74,-311,641,-139,-355,180,-156,-294,662,-271,-873,169,-327,-719,687,-318,-1007,142,-386,-836,661,-308,-1057,176,-380,-923,641,-293,-918,194,-357,-770,508,-348,-53,291,-346,57,491,-689,-59,295,-693,187,481,-995,386,295,-992,587,485,-1046,402,290,-1041,613,446,-1087,-90,325,-1090,103,
428,213,-856,446,254,-814,458,254,-814,470,254,-814,403,255,-820,386,255,-819,371,254,-819,484,245,-480,348,243,-487,447,178,-726,400,176,-730,567,70,-249,247,75,-299,645,-139,-376,180,-156,-284,671,-256,-913,169,-328,-719,696,-299,-1048,141,-386,-835,671,-287,-1096,175,-380,-922,651,-274,-957,193,-357,-770,508,-348,-56,291,-345,60,492,-689,-66,295,-693,199,482,-994,380,295,-991,610,486,-1044,395,290,-1039,637,446,-1086,-99,326,-1089,124,
428,214,-833,446,254,-790,458,255,-790,470,254,-790,403,255,-798,386,256,-798,371,255,-798,484,245,-464,348,243,-484,447,178,-708,400,177,-715,567,70,-234,247,74,-304,646,-134,-241,179,-154,-257,670,-267,-608,169,-327,-600,696,-318,-712,143,-386,-703,667,-315,-773,178,-380,-790,648,-297,-653,195,-357,-648,509,-347,-52,295,-345,55,494,-687,-108,301,-692,113,485,-993,291,303,-990,424,489,-1044,303,298,-1039,439,451,-1084,-171,333,-1086,-51,
428,214,-836,446,255,-792,459,255,-792,471,254,-792,403,256,-800,387,256,-800,371,256,-800,485,245,-460,348,243,-478,447,179,-709,400,177,-714,567,70,-227,247,74,-302,658,-128,-246,179,-153,-259,690,-269,-616,168,-328,-631,718,-321,-730,143,-387,-737,690,-317,-799,177,-381,-828,669,-299,-667,194,-358,-681,509,-348,-53,296,-347,57,494,-687,-132,301,-692,126,485,-995,263,303,-992,469,489,-1046,273,298,-1041,488,452,-1085,-211,333,-1087,-11,
429,215,-863,447,255,-817,460,255,-817,472,254,-817,404,256,-826,387,256,-825,372,256,-826,485,244,-470,348,243,-492,447,179,-730,401,177,-736,567,70,-233,247,74,-318,665,-113,-283,177,-153,-297,714,-244,-740,166,-330,-698,747,-288,-861,141,-390,-808,723,-283,-923,174,-383,-905,700,-270,-789,191,-361,-750,509,-349,-57,297,-348,60,495,-689,-86,302,-694,199,488,-996,359,305,-993,644,492,-1047,373,300,-1041,675,457,-1086,-123,338,-1089,163,
430,215,-875,448,255,-829,460,255,-829,473,254,-829,404,256,-837,388,257,-837,372,256,-837,485,244,-478,348,243,-498,448,179,-741,401,177,-747,568,70,-241,248,74,-325,669,-110,-302,177,-153,-309,719,-242,-767,165,-332,-718,753,-288,-889,139,-392,-829,729,-282,-949,173,-385,-926,706,-269,-815,190,-363,-770,509,-349,-59,298,-349,63,496,-690,-71,303,-695,220,490,-997,385,308,-993,674,494,-1048,400,302,-1041,706,460,-1087,-99,342,-1090,193,
430,216,-870,448,256,-822,461,256,-822,473,255,-822,405,258,-832,388,258,-832,372,257,-832,486,244,-477,348,243,-499,449,180,-739,402,178,-747,568,70,-235,248,74,-325,671,-102,-296,177,-152,-292,725,-241,-743,170,-334,-609,761,-288,-860,149,-396,-702,737,-284,-919,182,-389,-795,711,-270,-790,197,-366,-657,510,-350,-56,299,-350,59,498,-690,-138,307,-695,102,496,-998,259,315,-993,417,499,-1049,267,310,-1041,431,468,-1087,-225,349,-1090,-70,
431,218,-879,449,258,-830,461,257,-831,473,256,-831,405,260,-839,388,260,-839,373,259,-839,486,245,-485,348,244,-506,449,182,-748,402,179,-754,569,70,-250,248,73,-331,673,-103,-332,177,-153,-299,715,-243,-821,174,-335,-653,748,-294,-948,154,-397,-758,724,-287,-1007,187,-390,-847,700,-270,-868,202,-367,-701,515,-351,-56,301,-352,59,504,-690,-126,310,-697,120,501,-998,284,319,-994,440,505,-1050,295,314,-1043,464,473,-1088,-197,354,-1090,-60,
432,219,-878,449,259,-830,462,259,-830,474,258,-830,406,261,-839,389,260,-838,373,260,-839,486,245,-483,348,244,-505,450,183,-747,404,180,-753,569,71,-247,248,72,-334,675,-103,-326,178,-153,-299,712,-234,-784,176,-336,-663,742,-282,-906,155,-398,-770,718,-272,-963,188,-391,-859,696,-257,-831,203,-367,-710,520,-349,-56,305,-352,59,511,-688,-99,318,-697,186,511,-996,342,329,-994,623,515,-1047,355,323,-1042,654,484,-1086,-149,367,-1090,135,
433,220,-877,449,260,-829,462,260,-829,474,259,-829,406,261,-838,389,261,-838,374,260,-838,486,246,-481,348,244,-505,451,183,-746,405,181,-752,570,71,-244,248,72,-335,675,-103,-315,178,-153,-299,711,-234,-768,177,-336,-673,740,-281,-888,155,-398,-782,715,-272,-945,189,-391,-872,694,-257,-814,204,-367,-721,523,-348,-56,307,-352,59,515,-687,-79,322,-697,202,515,-995,374,333,-994,649,519,-1045,388,328,-1042,680,488,-1086,-114,372,-1090,162,
433,220,-886,449,261,-839,462,260,-839,474,259,-839,407,262,-853,390,261,-853,374,260,-853,487,246,-494,348,244,-544,451,184,-755,405,181,-769,570,73,-255,248,72,-368,688,-101,-536,179,-155,-330,710,-74,-1198,174,-340,-630,737,-64,-1339,153,-401,-703,713,-40,-1331,180,-392,-780,692,-49,-1224,197,-369,-669,523,-347,-57,306,-349,60,512,-687,-29,319,-696,258,514,-993,483,332,-989,831,517,-1042,505,328,-1033,875,487,-1086,11,371,-1088,364,
433,220,-886,450,261,-841,462,260,-841,474,259,-841,407,262,-855,390,261,-855,374,260,-855,487,246,-497,348,244,-550,451,184,-756,405,181,-771,570,74,-259,248,72,-375,692,-99,-546,179,-157,-345,710,-65,-1207,172,-341,-637,736,-56,-1349,151,-402,-713,712,-32,-1342,176,-392,-789,690,-40,-1234,193,-370,-677,522,-346,-57,306,-348,61,511,-687,-17,318,-695,261,513,-992,498,332,-986,829,516,-1040,519,327,-1030,872,486,-1086,28,370,-1087,361,
433,221,-892,450,262,-846,462,261,-846,474,260,-846,407,263,-861,390,262,-861,374,261,-861,487,246,-501,348,244,-554,451,184,-761,405,181,-776,570,75,-265,248,72,-377,697,-93,-525,179,-158,-343,720,-74,-1161,166,-343,-639,745,-71,-1300,145,-403,-716,724,-49,-1306,169,-392,-795,701,-55,-1192,186,-371,-679,522,-346,-59,306,-348,62,511,-688,-20,317,-695,245,512,-993,486,330,-986,775,515,-1040,506,325,-1031,814,484,-1087,13,367,-1088,301,
433,221,-916,449,262,-872,462,262,-872,474,260,-872,407,263,-879,390,262,-878,374,261,-879,487,247,-528,348,245,-548,451,185,-785,405,182,-789,570,75,-310,248,72,-374,693,-104,-465,179,-159,-340,719,-223,-1039,166,-344,-762,743,-270,-1162,144,-404,-879,720,-262,-1187,169,-394,-970,699,-246,-1069,187,-372,-814,523,-346,-68,307,-348,71,511,-688,-47,317,-696,313,511,-993,458,329,-989,841,514,-1040,480,324,-1034,881,483,-1087,-45,366,-1088,365,
433,221,-930,449,262,-884,462,262,-884,474,261,-884,407,263,-893,390,263,-893,374,261,-893,486,248,-533,348,245,-558,451,185,-796,405,182,-802,571,74,-301,248,72,-375,677,-113,-432,181,-164,-344,699,-254,-970,169,-345,-756,723,-305,-1113,146,-404,-874,696,-296,-1158,173,-395,-969,676,-278,-1027,190,-372,-809,523,-347,-64,307,-350,67,511,-689,-113,317,-698,219,511,-996,300,328,-994,596,514,-1046,311,324,-1042,618,482,-1088,-197,365,-1092,106,
433,221,-887,449,263,-840,461,263,-840,473,262,-840,406,264,-847,389,263,-846,373,262,-846,486,250,-494,347,245,-503,451,186,-755,404,182,-758,571,74,-280,248,72,-321,671,-116,-357,184,-165,-280,689,-269,-840,173,-344,-702,713,-325,-966,148,-404,-826,683,-318,-1024,177,-394,-916,664,-298,-888,194,-371,-755,526,-347,-64,308,-350,67,516,-688,-101,320,-698,259,514,-994,331,329,-993,721,518,-1045,344,325,-1042,753,484,-1086,-152,365,-1091,239,
433,221,-886,449,264,-839,461,263,-839,473,263,-839,406,264,-846,388,264,-845,372,263,-845,485,251,-493,346,245,-503,451,186,-754,404,182,-757,571,74,-280,248,72,-322,667,-119,-339,187,-165,-284,682,-278,-802,175,-343,-704,706,-336,-927,150,-403,-824,675,-330,-985,179,-394,-915,656,-309,-849,197,-370,-757,527,-347,-64,309,-350,67,517,-688,-98,320,-698,254,514,-994,345,329,-993,715,518,-1045,360,324,-1042,747,483,-1085,-142,364,-1091,234,
433,222,-925,449,265,-876,461,264,-877,473,264,-877,406,265,-887,388,264,-886,372,263,-886,485,252,-523,346,246,-550,451,187,-791,404,182,-798,572,74,-292,247,72,-379,667,-123,-351,187,-165,-342,675,-293,-835,177,-343,-749,698,-355,-963,152,-403,-869,662,-350,-1016,184,-395,-958,644,-327,-880,201,-371,-800,527,-348,-57,308,-351,61,516,-689,-78,319,-700,253,513,-996,388,326,-996,721,517,-1048,405,321,-1046,754,483,-1087,-105,362,-1095,236,
433,222,-926,449,265,-877,461,264,-877,473,264,-878,406,265,-888,389,264,-888,372,263,-888,484,252,-524,346,246,-554,451,187,-791,404,182,-800,572,74,-290,246,71,-380,669,-122,-389,185,-166,-355,684,-276,-936,176,-344,-775,709,-331,-1075,150,-404,-893,674,-323,-1128,183,-396,-984,656,-303,-983,199,-372,-826,527,-347,-57,308,-351,60,516,-689,-79,319,-700,236,514,-996,371,326,-996,674,518,-1048,386,322,-1046,703,484,-1087,-116,362,-1094,191,
433,223,-890,449,265,-841,461,265,-841,472,264,-841,406,266,-852,389,265,-851,372,264,-852,484,252,-495,346,246,-525,451,187,-759,404,184,-768,572,74,-269,246,71,-356,666,-122,-341,183,-165,-310,682,-273,-835,176,-343,-705,708,-328,-963,151,-403,-819,674,-321,-1018,184,-395,-906,655,-301,-881,201,-370,-754,527,-347,-55,308,-351,59,516,-689,-81,319,-700,212,513,-996,364,325,-996,630,517,-1048,379,321,-1045,658,484,-1086,-118,361,-1094,148,
433,223,-882,448,265,-834,461,265,-834,472,264,-834,406,266,-844,389,266,-843,372,265,-844,484,252,-488,346,247,-517,451,188,-752,404,184,-760,572,75,-265,246,71,-348,664,-122,-332,182,-164,-296,681,-273,-815,176,-342,-685,706,-328,-942,152,-402,-798,672,-321,-997,185,-394,-885,653,-301,-860,202,-370,-734,527,-347,-55,307,-350,58,516,-689,-80,318,-700,211,512,-996,366,324,-996,637,517,-1048,381,319,-1045,666,483,-1086,-117,360,-1094,154,
433,224,-881,448,266,-832,460,265,-833,472,264,-833,406,267,-843,389,266,-842,372,265,-842,484,252,-487,345,247,-514,450,188,-751,403,185,-758,572,75,-264,245,71,-344,663,-122,-335,181,-164,-295,679,-273,-821,177,-341,-686,704,-329,-949,152,-402,-799,671,-322,-1003,186,-394,-886,652,-302,-867,202,-369,-735,527,-347,-54,307,-350,58,516,-689,-77,318,-700,217,512,-996,377,323,-996,653,516,-1048,393,319,-1045,683,482,-1086,-106,359,-1094,169,
432,224,-847,448,265,-802,460,265,-802,472,264,-802,406,266,-809,388,266,-808,372,265,-808,484,252,-458,346,247,-468,450,188,-717,402,185,-720,571,75,-239,246,71,-294,663,-113,-310,184,-163,-263,686,-243,-784,176,-341,-681,711,-288,-908,151,-401,-794,686,-278,-958,183,-393,-885,667,-265,-828,200,-369,-733,527,-347,-61,308,-350,64,516,-689,0,320,-699,218,513,-994,521,327,-996,695,518,-1044,543,322,-1044,732,484,-1086,59,363,-1093,212,
432,224,-854,448,265,-808,460,265,-808,472,264,-808,406,267,-817,389,266,-816,372,265,-816,484,251,-464,346,247,-480,450,188,-723,402,185,-729,571,75,-232,247,71,-309,665,-107,-319,185,-162,-301,690,-224,-853,177,-341,-694,715,-266,-981,152,-402,-805,691,-255,-1032,184,-394,-891,672,-242,-899,201,-370,-742,527,-347,-56,308,-351,59,516,-688,-26,321,-699,169,514,-994,406,330,-996,555,518,-1044,421,325,-1044,579,486,-1086,-46,368,-1094,76,
432,224,-856,448,266,-809,460,265,-809,472,264,-810,406,267,-820,389,266,-819,373,265,-819,484,251,-465,346,247,-487,450,188,-725,402,185,-732,571,76,-227,247,71,-316,666,-104,-324,186,-161,-314,692,-219,-855,178,-341,-703,717,-261,-982,153,-402,-814,694,-251,-1034,185,-394,-899,675,-237,-901,202,-370,-750,527,-347,-53,309,-351,56,516,-688,-30,322,-699,159,514,-994,386,332,-996,543,518,-1044,400,326,-1044,567,487,-1086,-66,370,-1094,64,
432,224,-851,448,266,-807,460,265,-807,472,264,-807,406,267,-818,389,266,-818,373,265,-818,484,251,-468,346,247,-491,450,188,-723,402,185,-733,570,78,-240,247,71,-320,680,-90,-495,187,-161,-269,705,-92,-1120,178,-341,-523,728,-94,-1262,154,-402,-594,708,-71,-1273,185,-392,-671,688,-75,-1153,202,-369,-563,527,-344,-57,309,-349,60,517,-685,-37,322,-696,194,519,-990,408,335,-988,693,523,-1038,426,330,-1033,730,494,-1084,-53,372,-1086,228,
432,225,-854,448,266,-809,460,265,-809,472,264,-809,406,267,-820,389,266,-819,373,265,-820,484,251,-472,346,247,-507,450,188,-726,403,185,-733,569,79,-254,247,71,-327,685,-86,-524,188,-161,-276,710,-84,-1164,178,-341,-548,734,-86,-1309,156,-402,-622,714,-63,-1320,184,-392,-699,692,-67,-1198,202,-369,-588,527,-343,-58,309,-349,61,518,-684,-42,323,-695,212,523,-989,418,337,-986,727,527,-1036,436,333,-1030,764,499,-1083,-49,373,-1084,259,
432,225,-884,448,266,-836,460,265,-836,472,265,-837,406,267,-847,389,267,-847,373,266,-847,484,252,-489,346,247,-522,450,189,-751,403,186,-759,569,79,-258,247,71,-341,683,-87,-362,188,-161,-287,708,-202,-850,179,-341,-647,733,-249,-979,157,-402,-758,711,-242,-1040,186,-392,-854,690,-225,-899,203,-369,-700,527,-343,-56,310,-349,60,519,-684,-55,323,-696,159,523,-990,394,336,-990,557,527,-1039,410,333,-1037,580,498,-1083,-79,373,-1086,67,
